[00:00:00] ,match_start,0,New Junk City,Flashpoint,Team 1,Team 2
[00:00:30] ,round_start,0.00,1,0,0,0,0
[00:01:30] ,hero_swap,60.00,Team 2,Wren,Echo,Sombra,0
[00:01:00] ,****,30.00,Team 1,Quill,Zenyatta,Team 2,Fennel,Baptiste,Primary Fire,22.37,False,0
[00:01:20] ,kill,50.00,Team 1,Sorrel,Hanzo,Team 2,Marrow,Winston,Primary Fire,102.32,False,0
[00:01:40] ,kill,70.00,Team 1,PikeOnAlt,Moira,Team 2,Tidal,Lúcio,Primary Fire,79.73,False,0
[00:02:00] ,****,90.00,Team 2,Wren,Echo,Team 1,Rook,Mauga,Primary Fire,72.35,False,0
[00:06:07] ,round_end,337.70,1,0,0,1,0,100,0,0
[00:06:07] ,player_stat,337.70,1,Team 2,Marrow,Winston,17,6,2,7419.02,967.70,6451.32,0.00,0.00,0.00,5806.19,6830.81,3,5,2,2,2,1,1,2,0,0,49,0.11,0,0,0,1013,449,564,0,0,0.44,337.70
[00:06:07] ,player_stat,337.70,1,Team 2,Tidal,Lúcio,9,2,3,3204.60,417.99,2786.61,5838.60,1751.58,583.86,2507.95,0.00,2,3,2,2,1,0,0,1,0,0,46,0.11,0,0,0,1013,421,592,0,0,0.42,337.70
[00:06:07] ,player_stat,337.70,1,Team 1,Rook,Mauga,9,3,5,3918.59,511.12,3407.47,0.00,0.00,0.00,3066.72,3607.91,2,3,2,2,1,0,0,1,0,0,41,0.11,0,0,0,1013,372,641,0,0,0.37,337.70
[00:06:07] ,player_stat,337.70,1,Team 1,Sorrel,Hanzo,13,6,4,6397.57,834.47,5563.11,175.68,52.70,17.57,5006.79,0.00,3,4,2,2,2,0,1,2,0,0,45,0.11,0,0,0,1013,413,600,0,0,0.41,337.70
[00:06:07] ,player_stat,337.70,1,Team 2,Wren,Sombra,8,4,2,4166.21,543.42,3622.80,114.40,34.32,11.44,3260.52,0.00,2,2,1,1,1,0,1,1,0,0,26,0.11,0,0,0,624,242,382,0,0,0.39,208.26
[00:06:07] ,player_stat,337.70,1,Team 2,Wren,Echo,5,2,1,2356.56,307.38,2049.18,64.71,19.41,6.47,1844.26,0.00,1,2,1,1,1,0,0,0,0,0,16,0.11,0,0,0,388,150,238,0,0,0.39,129.44
[00:06:07] ,player_stat,337.70,1,Team 2,Fennel,Baptiste,7,2,3,2739.66,357.35,2382.31,4991.51,1497.45,499.15,2144.08,0.00,1,2,2,2,1,0,0,1,0,0,42,0.11,0,0,0,1013,380,633,0,0,0.38,337.70
[00:06:07] ,player_stat,337.70,1,Team 2,Cobalt,Bastion,11,5,3,5417.60,706.64,4710.96,148.77,44.63,14.88,4239.86,0.00,2,3,2,2,1,0,1,1,0,0,39,0.11,0,0,0,1013,352,661,0,0,0.35,337.70
[00:06:07] ,player_stat,337.70,1,Team 1,Ember,Reaper,13,6,5,6591.29,859.73,5731.56,181.00,54.30,18.10,5158.40,0.00,3,4,2,2,2,0,1,2,0,0,45,0.11,0,0,0,1013,409,604,0,0,0.40,337.70
[00:06:07] ,player_stat,337.70,1,Team 1,Quill,Zenyatta,9,2,3,3288.76,428.97,2859.79,5991.94,1797.58,599.19,2573.81,0.00,2,3,2,2,1,0,0,1,0,0,44,0.11,0,0,0,1013,401,612,0,0,0.40,337.70
[00:06:07] ,player_stat,337.70,1,Team 1,PikeOnAlt,Moira,7,2,2,2432.30,317.26,2115.04,4431.51,1329.45,443.15,1903.54,0.00,1,2,2,2,1,0,0,1,0,0,44,0.11,0,0,0,1013,397,616,0,0,0.39,337.70
[00:06:08] ,match_end,337.70,1,0,1
