[00:00:00] ,match_start,0,New Queen Street,Push,Team 1,Team 2
[00:00:30] ,round_start,0.00,1,0,0,0,0
[00:01:30] ,hero_swap,60.00,Team 2,Pike,Brigitte,Moira,0
[00:01:30] ,hero_swap,60.00,Team 1,Cobalt,Roadhog,Wrecking Ball,0
[00:01:00] ,****,30.00,Team 2,Pike,Brigitte,Team 1,Fennel,Lúcio,Primary Fire,53.29,False,0
[00:01:20] ,kill,50.00,Team 1,Fennel,Lúcio,Team 2,Pike,Brigitte,Primary Fire,152.12,False,0
[00:01:40] ,****,70.00,Team 2,Wren,Sombra,Team 1,Fennel,Lúcio,Primary Fire,166.41,False,0
[00:08:11] ,round_end,461.03,1,0,0,1,0,100,0,0
[00:08:11] ,player_stat,461.03,1,Team 2,Wren,Sombra,20,9,3,9947.60,1297.51,8650.09,273.16,81.95,27.32,7785.08,0.00,4,6,3,3,2,1,2,3,0,0,59,0.11,0,0,0,1383,536,847,0,0,0.39,461.03
[00:08:11] ,player_stat,461.03,1,Team 1,Quill,Ashe,25,12,5,12655.42,1650.71,11004.71,347.52,104.26,34.75,9904.24,0.00,5,8,3,3,3,1,3,4,0,0,65,0.11,0,0,0,1383,586,797,0,0,0.42,461.03
[00:08:11] ,player_stat,461.03,1,Team 2,Pike,Moira,5,1,1,1977.80,257.97,1719.82,3603.44,1081.03,360.34,1547.84,0.00,1,2,1,1,1,0,0,0,0,0,18,0.11,0,0,0,435,170,265,0,0,0.39,145.20
[00:08:11] ,player_stat,461.03,1,Team 2,Pike,Brigitte,9,2,3,3340.37,435.70,2904.67,6085.97,1825.79,608.60,2614.20,0.00,2,3,2,2,1,0,0,1,0,0,41,0.11,0,0,0,947,371,576,0,0,0.39,315.83
[00:08:11] ,player_stat,461.03,1,Team 2,Marrow,Winston,24,9,3,10627.20,1386.16,9241.05,0.00,0.00,0.00,8316.94,9784.64,5,7,3,3,3,1,2,4,0,0,68,0.11,0,0,0,1383,614,769,0,0,0.44,461.03
[00:08:11] ,player_stat,461.03,1,Team 2,Lumen,Kiriko,15,4,2,5598.50,730.24,4868.26,10200.17,3060.05,1020.02,4381.44,0.00,3,4,3,3,2,1,1,2,0,0,68,0.11,0,0,0,1383,619,764,0,0,0.45,461.03
[00:08:11] ,player_stat,461.03,1,Team 1,Halcyon,Moira,8,2,3,2888.90,376.81,2512.09,5263.43,1579.03,526.34,2260.88,0.00,2,2,3,3,1,0,0,1,0,0,54,0.11,0,0,0,1383,492,891,0,0,0.36,461.03
[00:08:11] ,player_stat,461.03,1,Team 1,Cobalt,Wrecking Ball,7,2,2,2938.75,383.32,2555.43,0.00,0.00,0.00,2299.89,2705.75,1,2,1,1,1,0,0,1,0,0,22,0.11,0,0,0,489,199,290,0,0,0.41,163.21
[00:08:11] ,player_stat,461.03,1,Team 1,Cobalt,Roadhog,13,5,3,5694.47,742.76,4951.71,0.00,0.00,0.00,4456.54,5242.99,3,4,2,2,2,0,1,2,0,0,40,0.11,0,0,0,893,364,529,0,0,0.41,297.82
[00:08:11] ,player_stat,461.03,1,Team 1,Fennel,Lúcio,10,3,5,3551.94,463.30,3088.64,6471.44,1941.43,647.14,2779.78,0.00,2,3,3,3,1,0,0,1,0,0,57,0.11,0,0,0,1383,520,863,0,0,0.38,461.03
[00:08:11] ,player_stat,461.03,1,Team 2,Vesper,Echo,17,8,5,8598.17,1121.50,7476.67,236.11,70.83,23.61,6729.00,0.00,3,5,3,3,2,1,2,2,0,0,61,0.11,0,0,0,1383,553,830,0,0,0.40,461.03
[00:08:11] ,player_stat,461.03,1,Team 1,Kestrel,Venture,22,10,7,10949.09,1428.14,9520.95,300.66,90.20,30.07,8568.85,0.00,4,7,3,3,2,1,2,3,0,0,69,0.11,0,0,0,1383,625,758,0,0,0.45,461.03
[00:08:12] ,match_end,461.03,1,0,1
