[00:00:00] ,match_start,0,Watchpoint: Gibraltar,Escort,Team 1,Team 2
[00:00:30] ,round_start,0.00,1,0,0,0,0
[00:01:30] ,hero_swap,60.00,Team 1,Wren,Sombra,Bastion,0
[00:01:00] ,kill,30.00,Team 1,Tidal,Lúcio,Team 2,Vesper,Pharah,Primary Fire,144.11,False,0
[00:01:20] ,****,50.00,Team 1,Fennel,Illari,Team 2,Cobalt,Wrecking Ball,Primary Fire,199.01,False,0
[00:01:40] ,kill,70.00,Team 2,Pike,Moira,Team 1,Rook,Roadhog,Primary Fire,26.38,False,0
[00:02:00] ,kill,90.00,Team 2,Juniper,Mercy,Team 1,Fennel,Illari,Primary Fire,194.16,False,0
[00:02:20] ,****,110.00,Team 1,Fennel,Illari,Team 2,Pike,Moira,Primary Fire,192.43,False,0
[00:02:40] ,kill,130.00,Team 2,Vesper,Pharah,Team 1,Wren,Sombra,Primary Fire,76.03,False,0
[00:08:44] ,round_end,494.43,1,0,0,2,0,100,0,0
[00:08:44] ,player_stat,494.43,1,Team 2,Juniper,Mercy,17,4,3,6132.58,799.90,5332.68,11173.24,3351.97,1117.32,4799.41,0.00,3,5,4,3,2,1,1,2,0,0,63,0.11,0,0,0,1483,575,908,0,0,0.39,494.43
[00:08:44] ,player_stat,494.43,1,Team 1,Fennel,Illari,10,3,4,3591.58,468.47,3123.12,6543.67,1963.10,654.37,2810.81,0.00,2,3,4,3,1,0,0,1,0,0,61,0.11,0,0,0,1483,557,926,0,0,0.38,494.43
[00:08:44] ,player_stat,494.43,1,Team 2,Vesper,Pharah,19,8,3,9256.02,1207.31,8048.71,254.17,76.25,25.42,7243.84,0.00,4,6,4,3,2,1,2,3,0,0,65,0.11,0,0,0,1483,593,890,0,0,0.40,494.43
[00:08:44] ,player_stat,494.43,1,Team 2,Pike,Moira,10,3,5,3705.54,483.33,3222.21,6751.29,2025.39,675.13,2899.98,0.00,2,3,4,3,1,0,0,1,0,0,64,0.11,0,0,0,1483,581,902,0,0,0.39,494.43
[00:08:44] ,player_stat,494.43,1,Team 2,Quill,Cassidy,24,11,4,11775.84,1535.98,10239.86,323.36,97.01,32.34,9215.87,0.00,5,7,4,3,3,1,2,4,0,0,69,0.11,0,0,0,1483,628,855,0,0,0.42,494.43
[00:08:44] ,player_stat,494.43,1,Team 1,Kestrel,Tracer,28,13,5,13812.12,1801.58,12010.54,379.28,113.78,37.93,10809.48,0.00,6,8,4,3,3,1,3,4,0,0,74,0.11,0,0,0,1483,670,813,0,0,0.45,494.43
[00:08:44] ,player_stat,494.43,1,Team 1,Tidal,Lúcio,16,4,5,5896.42,769.10,5127.33,10742.97,3222.89,1074.30,4614.59,0.00,3,5,4,3,2,1,1,2,0,0,68,0.11,0,0,0,1483,616,867,0,0,0.42,494.43
[00:08:44] ,player_stat,494.43,1,Team 1,Rook,Roadhog,16,6,6,7020.85,915.76,6105.09,0.00,0.00,0.00,5494.58,6464.21,3,5,4,3,2,1,1,2,0,0,60,0.11,0,0,0,1483,545,938,0,0,0.37,494.43
[00:08:44] ,player_stat,494.43,1,Team 2,Cobalt,Wrecking Ball,25,9,3,11214.99,1462.82,9752.16,0.00,0.00,0.00,8776.95,10325.82,5,8,4,3,3,1,2,4,0,0,67,0.11,0,0,0,1483,605,878,0,0,0.41,494.43
[00:08:44] ,player_stat,494.43,1,Team 1,Wren,Bastion,6,3,2,2823.32,368.26,2455.06,77.53,23.26,7.75,2209.56,0.00,1,2,1,1,1,0,0,1,0,0,21,0.11,0,0,0,488,189,299,0,0,0.39,162.91
[00:08:44] ,player_stat,494.43,1,Team 1,Wren,Sombra,16,7,3,8054.25,1050.55,7003.69,221.17,66.35,22.12,6303.32,0.00,3,5,2,2,2,1,1,2,0,0,42,0.11,0,0,0,994,385,609,0,0,0.39,331.51
[00:08:44] ,round_start,494.43,2,0,0,2,0
[00:09:44] ,hero_swap,554.43,Team 2,Juniper,Illari,Mercy,0
[00:09:14] ,kill,524.43,Team 1,Wren,Sombra,Team 2,Vesper,Pharah,Primary Fire,111.60,False,0
[00:09:34] ,kill,544.43,Team 1,Wren,Sombra,Team 2,Juniper,Illari,Primary Fire,80.20,False,0
[00:09:54] ,kill,564.43,Team 1,Wren,Sombra,Team 2,Pike,Moira,Primary Fire,180.96,False,0
[00:10:14] ,****,584.43,Team 1,Wren,Sombra,Team 2,Quill,Cassidy,Primary Fire,21.30,False,0
[00:16:02] ,round_end,932.27,2,0,2,3,0,100,0,0
[00:16:02] ,player_stat,932.27,2,Team 2,Juniper,Mercy,22,6,5,8250.99,1076.22,7174.78,15032.86,4509.86,1503.29,6457.30,0.00,4,7,5,5,2,1,1,3,0,0,97,0.11,0,0,0,2259,876,1383,0,0,0.39,753.15
[00:16:02] ,player_stat,932.27,2,Team 2,Juniper,Illari,5,1,1,1870.93,244.03,1626.90,3408.73,1022.62,340.87,1464.21,0.00,1,2,1,1,1,0,0,0,0,0,23,0.11,0,0,0,537,208,329,0,0,0.39,179.12
[00:16:02] ,player_stat,932.27,2,Team 1,Fennel,Illari,17,5,8,6402.29,835.08,5567.21,11664.63,3499.39,1166.46,5010.49,0.00,3,5,7,6,2,1,1,2,0,0,116,0.11,0,0,0,2796,1051,1745,0,0,0.38,932.27
[00:16:02] ,player_stat,932.27,2,Team 2,Vesper,Pharah,41,19,6,20521.37,2676.70,17844.67,563.52,169.05,56.35,16060.20,0.00,8,12,7,6,4,2,4,6,0,0,124,0.11,0,0,0,2796,1118,1678,0,0,0.40,932.27
[00:16:02] ,player_stat,932.27,2,Team 2,Pike,Moira,21,6,7,7677.74,1001.44,6676.30,13988.43,4196.53,1398.84,6008.67,0.00,4,6,7,6,2,1,1,3,0,0,121,0.11,0,0,0,2796,1096,1700,0,0,0.39,932.27
[00:16:02] ,player_stat,932.27,2,Team 2,Quill,Cassidy,59,27,8,29330.21,3825.68,25504.53,805.41,241.62,80.54,22954.08,0.00,12,18,7,6,5,3,6,9,0,0,131,0.11,0,0,0,2796,1185,1611,0,0,0.42,932.27
[00:16:02] ,player_stat,932.27,2,Team 1,Kestrel,Tracer,44,20,9,22031.21,2873.64,19157.57,604.98,181.49,60.50,17241.82,0.00,9,13,7,6,4,2,5,7,0,0,140,0.11,0,0,0,2796,1263,1533,0,0,0.45,932.27
[00:16:02] ,player_stat,932.27,2,Team 1,Tidal,Lúcio,25,7,8,9266.52,1208.68,8057.85,16883.11,5064.93,1688.31,7252.06,0.00,5,8,7,6,3,1,1,4,0,0,129,0.11,0,0,0,2796,1163,1633,0,0,0.42,932.27
[00:16:02] ,player_stat,932.27,2,Team 1,Rook,Roadhog,31,11,11,13909.67,1814.31,12095.37,0.00,0.00,0.00,10885.83,12806.86,6,9,7,6,3,2,2,5,0,0,114,0.11,0,0,0,2796,1028,1768,0,0,0.37,932.27
[00:16:02] ,player_stat,932.27,2,Team 2,Cobalt,Wrecking Ball,44,16,6,19354.99,2524.56,16830.43,0.00,0.00,0.00,15147.38,17820.45,9,13,7,6,4,2,4,7,0,0,126,0.11,0,0,0,2796,1140,1656,0,0,0.41,932.27
[00:16:02] ,player_stat,932.27,2,Team 1,Wren,Bastion,6,3,2,2823.32,368.26,2455.06,77.53,23.26,7.75,2209.56,0.00,1,2,1,1,1,0,0,1,0,0,21,0.11,0,0,0,488,189,299,0,0,0.39,162.91
[00:16:02] ,player_stat,932.27,2,Team 1,Wren,Sombra,32,15,8,15958.86,2081.59,13877.27,438.23,131.47,43.82,12489.55,0.00,6,10,5,5,3,2,3,5,0,0,99,0.11,0,0,0,2308,895,1413,0,0,0.39,769.36
[00:16:03] ,match_end,932.27,2,2,3
