[00:00:00] ,match_start,0,Lijiang Tower,Control,Team 1,Team 2
[00:00:30] ,round_start,0.00,1,0,0,0,0
[00:01:00] ,kill,30.00,Team 1,Lumen,Kiriko,Team 2,Halcyon,Moira,Primary Fire,70.75,False,0
[00:01:20] ,****,50.00,Team 1,Kestrel,Sojourn,Team 2,Rook,Hazard,Primary Fire,48.36,False,0
[00:01:40] ,kill,70.00,Team 1,Kestrel,Sojourn,Team 2,Quill,Ashe,Primary Fire,195.07,False,0
[00:03:57] ,round_end,207.69,1,0,1,0,0,100,0,0
[00:03:57] ,player_stat,207.69,1,Team 2,Vesper,Pharah,8,4,3,4107.97,535.82,3572.15,112.80,33.84,11.28,3214.93,0.00,2,2,1,1,1,0,1,1,0,0,27,0.11,0,0,0,623,249,374,0,0,0.40,207.69
[00:03:57] ,player_stat,207.69,1,Team 1,Wren,Sombra,11,5,2,5251.05,684.92,4566.13,144.19,43.26,14.42,4109.52,0.00,2,3,1,1,1,0,1,1,0,0,26,0.11,0,0,0,623,241,382,0,0,0.39,207.69
[00:03:57] ,player_stat,207.69,1,Team 2,Quill,Ashe,7,3,2,3719.43,485.14,3234.28,102.14,30.64,10.21,2910.86,0.00,1,2,1,1,1,0,0,1,0,0,29,0.11,0,0,0,623,264,359,0,0,0.42,207.69
[00:03:57] ,player_stat,207.69,1,Team 2,Pike,Kiriko,4,1,1,1413.25,184.34,1228.92,2574.87,772.46,257.49,1106.02,0.00,1,1,1,1,1,0,0,0,0,0,27,0.11,0,0,0,623,244,379,0,0,0.39,207.69
[00:03:57] ,player_stat,207.69,1,Team 2,Rook,Hazard,5,2,2,2061.32,268.87,1792.45,0.00,0.00,0.00,1613.20,1897.89,1,2,1,1,1,0,0,0,0,0,25,0.11,0,0,0,623,229,394,0,0,0.37,207.69
[00:03:57] ,player_stat,207.69,1,Team 1,Bramble,Ana,6,2,1,2189.09,285.53,1903.56,3988.41,1196.52,398.84,1713.20,0.00,1,2,1,1,1,0,0,1,0,0,29,0.11,0,0,0,623,269,354,0,0,0.43,207.69
[00:03:57] ,player_stat,207.69,1,Team 1,Lumen,Kiriko,7,2,2,2767.71,361.01,2406.70,5042.62,1512.78,504.26,2166.03,0.00,1,2,1,1,1,0,0,1,0,0,31,0.11,0,0,0,623,279,344,0,0,0.45,207.69
[00:03:57] ,player_stat,207.69,1,Team 1,Cobalt,Domina,13,5,2,5881.68,767.18,5114.50,0.00,0.00,0.00,4603.05,5415.36,3,4,1,1,2,0,1,2,0,0,28,0.11,0,0,0,623,254,369,0,0,0.41,207.69
[00:03:57] ,player_stat,207.69,1,Team 2,Halcyon,Moira,4,1,2,1407.54,183.59,1223.94,2564.45,769.34,256.45,1101.55,0.00,1,1,1,1,1,0,0,0,0,0,24,0.11,0,0,0,623,221,402,0,0,0.35,207.69
[00:03:57] ,player_stat,207.69,1,Team 1,Kestrel,Sojourn,13,6,1,6510.15,849.15,5661.00,178.77,53.63,17.88,5094.90,0.00,3,4,1,1,2,0,1,2,0,0,31,0.11,0,0,0,623,281,342,0,0,0.45,207.69
[00:03:57] ,round_start,207.69,2,0,1,0,0
[00:04:57] ,hero_swap,267.69,Team 2,Rook,Roadhog,Hazard,0
[00:04:27] ,kill,237.69,Team 1,Bramble,Ana,Team 2,Halcyon,Moira,Primary Fire,164.84,False,0
[00:04:47] ,****,257.69,Team 1,Bramble,Ana,Team 2,Vesper,Pharah,Primary Fire,27.54,False,0
[00:05:07] ,kill,277.69,Team 1,Cobalt,Domina,Team 2,Pike,Kiriko,Primary Fire,120.53,False,0
[00:05:27] ,****,297.69,Team 1,Bramble,Ana,Team 2,Vesper,Pharah,Primary Fire,20.60,False,0
[00:07:58] ,round_end,448.81,2,0,1,1,0,100,0,0
[00:07:58] ,player_stat,448.81,2,Team 2,Vesper,Pharah,20,9,5,10162.18,1325.50,8836.68,279.05,83.72,27.91,7953.01,0.00,4,6,3,3,2,1,2,3,0,0,59,0.11,0,0,0,1346,538,808,0,0,0.40,448.81
[00:07:58] ,player_stat,448.81,2,Team 1,Wren,Sombra,21,9,5,10263.37,1338.70,8924.67,281.83,84.55,28.18,8032.20,0.00,4,6,3,3,2,1,2,3,0,0,58,0.11,0,0,0,1346,522,824,0,0,0.39,448.81
[00:07:58] ,player_stat,448.81,2,Team 2,Quill,Ashe,18,8,4,8858.42,1155.45,7702.97,243.25,72.98,24.33,6932.67,0.00,4,5,3,3,2,1,2,3,0,0,63,0.11,0,0,0,1346,570,776,0,0,0.42,448.81
[00:07:58] ,player_stat,448.81,2,Team 2,Pike,Kiriko,11,3,3,3968.45,517.62,3450.83,7230.30,2169.09,723.03,3105.74,0.00,2,3,3,3,1,0,0,1,0,0,58,0.11,0,0,0,1346,527,819,0,0,0.39,448.81
[00:07:58] ,player_stat,448.81,2,Team 2,Rook,Hazard,8,3,3,3767.99,491.48,3276.51,0.00,0.00,0.00,2948.86,3469.25,2,2,2,2,1,0,0,1,0,0,39,0.11,0,0,0,954,351,603,0,0,0.37,318.03
[00:07:58] ,player_stat,448.81,2,Team 2,Rook,Roadhog,7,3,1,3231.00,421.43,2809.56,0.00,0.00,0.00,2528.61,2974.83,1,2,1,1,1,0,0,1,0,0,16,0.11,0,0,0,392,144,248,0,0,0.37,130.79
[00:07:58] ,player_stat,448.81,2,Team 1,Bramble,Ana,13,4,4,4991.63,651.08,4340.55,9094.49,2728.35,909.45,3906.50,0.00,3,4,3,3,2,0,1,2,0,0,64,0.11,0,0,0,1346,581,765,0,0,0.43,448.81
[00:07:58] ,player_stat,448.81,2,Team 1,Lumen,Kiriko,13,3,3,4660.02,607.83,4052.19,8490.31,2547.09,849.03,3646.97,0.00,3,4,3,3,2,0,0,2,0,0,67,0.11,0,0,0,1346,603,743,0,0,0.45,448.81
[00:07:58] ,player_stat,448.81,2,Team 1,Cobalt,Domina,21,8,5,9432.23,1230.29,8201.94,0.00,0.00,0.00,7381.74,8684.40,4,6,3,3,2,1,2,3,0,0,61,0.11,0,0,0,1346,549,797,0,0,0.41,448.81
[00:07:58] ,player_stat,448.81,2,Team 2,Halcyon,Moira,10,3,5,3727.51,486.20,3241.31,6791.32,2037.40,679.13,2917.18,0.00,2,3,3,3,1,0,0,1,0,0,53,0.11,0,0,0,1346,479,867,0,0,0.36,448.81
[00:07:58] ,player_stat,448.81,2,Team 1,Kestrel,Sojourn,22,10,4,11144.15,1453.58,9690.57,306.02,91.81,30.60,8721.51,0.00,4,7,3,3,2,1,2,3,0,0,67,0.11,0,0,0,1346,608,738,0,0,0.45,448.81
[00:07:58] ,round_start,448.81,3,0,1,1,0
[00:08:58] ,hero_swap,508.81,Team 1,Kestrel,Genji,Sojourn,0
[00:08:28] ,****,478.81,Team 1,Cobalt,Domina,Team 2,Halcyon,Moira,Primary Fire,196.06,False,0
[00:08:48] ,****,498.81,Team 2,Rook,Roadhog,Team 1,Kestrel,Genji,Primary Fire,167.58,False,0
[00:09:08] ,****,518.81,Team 2,Pike,Kiriko,Team 1,Kestrel,Genji,Primary Fire,184.98,False,0
[00:09:28] ,****,538.81,Team 2,Rook,Roadhog,Team 1,Bramble,Ana,Primary Fire,154.55,False,0
[00:09:48] ,kill,558.81,Team 1,Kestrel,Genji,Team 2,Vesper,Pharah,Primary Fire,133.70,False,0
[00:10:08] ,****,578.81,Team 1,Cobalt,Domina,Team 2,Quill,Ashe,Primary Fire,181.59,False,0
[00:12:32] ,round_end,722.52,3,0,2,1,0,100,0,0
[00:12:32] ,player_stat,722.52,3,Team 2,Vesper,Pharah,29,13,8,14190.63,1850.95,12339.68,389.67,116.90,38.97,11105.71,0.00,6,9,5,5,3,1,3,4,0,0,96,0.11,0,0,0,2167,866,1301,0,0,0.40,722.52
[00:12:32] ,player_stat,722.52,3,Team 1,Wren,Sombra,35,16,8,17588.37,2294.14,15294.24,482.98,144.89,48.30,13764.81,0.00,7,10,5,5,3,2,4,5,0,0,93,0.11,0,0,0,2167,840,1327,0,0,0.39,722.52
[00:12:32] ,player_stat,722.52,3,Team 2,Quill,Ashe,31,14,7,15220.71,1985.31,13235.40,417.96,125.39,41.80,11911.86,0.00,6,9,5,5,3,2,3,5,0,0,102,0.11,0,0,0,2167,918,1249,0,0,0.42,722.52
[00:12:32] ,player_stat,722.52,3,Team 2,Pike,Kiriko,17,5,6,6298.69,821.57,5477.12,11475.88,3442.76,1147.59,4929.41,0.00,3,5,5,5,2,1,1,2,0,0,94,0.11,0,0,0,2167,849,1318,0,0,0.39,722.52
[00:12:32] ,player_stat,722.52,3,Team 2,Rook,Hazard,8,3,3,3767.99,491.48,3276.51,0.00,0.00,0.00,2948.86,3469.25,2,2,2,2,1,0,0,1,0,0,39,0.11,0,0,0,954,351,603,0,0,0.37,318.03
[00:12:32] ,player_stat,722.52,3,Team 2,Rook,Roadhog,15,5,4,6499.39,847.75,5651.65,0.00,0.00,0.00,5086.48,5984.09,3,4,3,3,2,1,1,2,0,0,49,0.11,0,0,0,1213,446,767,0,0,0.37,404.49
[00:12:32] ,player_stat,722.52,3,Team 1,Bramble,Ana,21,6,5,7655.11,998.49,6656.62,13947.20,4184.16,1394.72,5990.96,0.00,4,6,5,5,2,1,1,3,0,0,104,0.11,0,0,0,2167,936,1231,0,0,0.43,722.52
[00:12:32] ,player_stat,722.52,3,Team 1,Lumen,Kiriko,21,6,5,7758.31,1011.95,6746.35,14135.21,4240.56,1413.52,6071.72,0.00,4,6,5,5,2,1,1,3,0,0,107,0.11,0,0,0,2167,970,1197,0,0,0.45,722.52
[00:12:32] ,player_stat,722.52,3,Team 1,Cobalt,Domina,33,12,8,14871.18,1939.72,12931.46,0.00,0.00,0.00,11638.31,13692.13,7,10,5,5,3,2,3,5,0,0,98,0.11,0,0,0,2167,884,1283,0,0,0.41,722.52
[00:12:32] ,player_stat,722.52,3,Team 2,Halcyon,Moira,15,4,7,5506.39,718.22,4788.16,10032.34,3009.70,1003.23,4309.35,0.00,3,4,5,5,2,1,1,2,0,0,85,0.11,0,0,0,2167,771,1396,0,0,0.36,722.52
[00:12:32] ,player_stat,722.52,3,Team 1,Kestrel,Sojourn,28,13,4,13789.68,1798.65,11991.02,378.66,113.60,37.87,10791.92,0.00,6,8,4,4,3,1,3,4,0,0,81,0.11,0,0,0,1625,734,891,0,0,0.45,541.82
[00:12:32] ,player_stat,722.52,3,Team 1,Kestrel,Genji,10,4,1,4745.58,618.99,4126.59,130.31,39.09,13.03,3713.93,0.00,2,3,1,1,1,0,1,1,0,0,27,0.11,0,0,0,542,244,298,0,0,0.45,180.70
[00:12:33] ,match_end,722.52,3,2,1
