[00:00:00] ,match_start,0,King's Row,Hybrid,Team 1,Team 2
[00:00:30] ,round_start,0.00,1,0,0,0,0
[00:01:30] ,hero_swap,60.00,Team 2,Lumen,Moira,Juno,0
[00:01:00] ,****,30.00,Team 1,Juniper,Mercy,Team 2,Vesper,Pharah,Primary Fire,95.42,False,0
[00:01:20] ,kill,50.00,Team 1,Quill,Ashe,Team 2,Lumen,Moira,Primary Fire,166.71,False,0
[00:01:40] ,kill,70.00,Team 1,Juniper,Mercy,Team 2,Kestrel,Sojourn,Primary Fire,114.23,False,0
[00:02:00] ,kill,90.00,Team 1,Tidal,Lúcio,Team 2,Kestrel,Sojourn,Primary Fire,159.69,False,0
[00:02:20] ,kill,110.00,Team 1,Sorrel,Ashe,Team 2,Lumen,Moira,Primary Fire,41.66,False,0
[00:06:13] ,round_end,343.98,1,0,2,0,0,100,0,0
[00:06:13] ,player_stat,343.98,1,Team 1,Quill,Ashe,16,7,3,8036.18,1048.20,6987.98,220.67,66.20,22.07,6289.19,0.00,3,5,2,2,2,1,1,2,0,0,48,0.11,0,0,0,1031,437,594,0,0,0.42,343.98
[00:06:13] ,player_stat,343.98,1,Team 2,Pike,Moira,6,2,3,2134.83,278.46,1856.37,3889.55,1166.86,388.95,1670.74,0.00,1,2,2,2,1,0,0,1,0,0,44,0.11,0,0,0,1031,404,627,0,0,0.39,343.98
[00:06:13] ,player_stat,343.98,1,Team 2,Lumen,Juno,3,1,1,1115.60,145.51,970.09,2032.57,609.77,203.26,873.08,0.00,1,1,1,1,1,0,0,0,0,0,23,0.11,0,0,0,472,211,261,0,0,0.45,157.66
[00:06:13] ,player_stat,343.98,1,Team 2,Lumen,Moira,5,1,1,1847.93,241.03,1606.90,3366.83,1010.05,336.68,1446.21,0.00,1,2,1,1,1,0,0,0,0,0,27,0.11,0,0,0,558,249,309,0,0,0.45,186.32
[00:06:13] ,player_stat,343.98,1,Team 1,Juniper,Mercy,11,3,4,3902.81,509.06,3393.75,7110.72,2133.22,711.07,3054.38,0.00,2,3,2,2,1,0,0,1,0,0,44,0.11,0,0,0,1031,400,631,0,0,0.39,343.98
[00:06:13] ,player_stat,343.98,1,Team 1,Tidal,Lúcio,12,3,3,4327.65,564.48,3763.18,7884.75,2365.42,788.47,3386.86,0.00,2,4,2,2,2,0,0,2,0,0,47,0.11,0,0,0,1031,428,603,0,0,0.42,343.98
[00:06:13] ,player_stat,343.98,1,Team 2,Kestrel,Sojourn,15,7,3,7291.51,951.07,6340.44,200.22,60.07,20.02,5706.40,0.00,3,4,2,2,2,1,1,2,0,0,51,0.11,0,0,0,1031,466,565,0,0,0.45,343.98
[00:06:13] ,player_stat,343.98,1,Team 1,Sorrel,Ashe,16,7,3,7857.30,1024.87,6832.44,215.76,64.73,21.58,6149.19,0.00,3,5,2,2,2,1,1,2,0,0,46,0.11,0,0,0,1031,420,611,0,0,0.41,343.98
[00:06:13] ,player_stat,343.98,1,Team 2,Cobalt,Orisa,12,4,3,5153.79,672.23,4481.56,0.00,0.00,0.00,4033.40,4745.18,2,4,2,2,2,0,1,2,0,0,46,0.11,0,0,0,1031,420,611,0,0,0.41,343.98
[00:06:13] ,player_stat,343.98,1,Team 1,Marrow,Junker Queen,13,5,3,5799.54,756.46,5043.07,0.00,0.00,0.00,4538.77,5339.73,3,4,2,2,2,0,1,2,0,0,50,0.11,0,0,0,1031,457,574,0,0,0.44,343.98
[00:06:13] ,player_stat,343.98,1,Team 2,Vesper,Pharah,13,6,4,6540.01,853.04,5686.96,179.59,53.88,17.96,5118.27,0.00,3,4,2,2,2,0,1,2,0,0,45,0.11,0,0,0,1031,412,619,0,0,0.40,343.98
[00:06:13] ,round_start,343.98,2,0,2,0,0
[00:07:13] ,hero_swap,403.98,Team 2,Lumen,Kiriko,Moira,0
[00:06:43] ,****,373.98,Team 1,Sorrel,Ashe,Team 2,Lumen,Kiriko,Primary Fire,191.45,False,0
[00:07:03] ,kill,393.98,Team 1,Tidal,Lúcio,Team 2,Kestrel,Sojourn,Primary Fire,169.84,False,0
[00:07:23] ,****,413.98,Team 1,Tidal,Lúcio,Team 2,Pike,Moira,Primary Fire,95.83,False,0
[00:07:43] ,****,433.98,Team 1,Marrow,Junker Queen,Team 2,Vesper,Pharah,Primary Fire,119.73,False,0
[00:08:03] ,****,453.98,Team 1,Marrow,Junker Queen,Team 2,Lumen,Kiriko,Primary Fire,132.31,False,0
[00:12:39] ,round_end,729.18,2,0,3,1,0,100,0,0
[00:12:39] ,player_stat,729.18,2,Team 1,Quill,Ashe,30,14,5,14922.64,1946.43,12976.21,409.77,122.93,40.98,11678.59,0.00,6,9,5,5,3,2,3,5,0,0,103,0.11,0,0,0,2187,927,1260,0,0,0.42,729.18
[00:12:39] ,player_stat,729.18,2,Team 2,Pike,Moira,14,4,7,5214.20,680.11,4534.08,9499.99,2850.00,950.00,4080.68,0.00,3,4,5,5,2,0,1,2,0,0,95,0.11,0,0,0,2187,857,1330,0,0,0.39,729.18
[00:12:39] ,player_stat,729.18,2,Team 2,Lumen,Juno,3,1,1,1115.60,145.51,970.09,2032.57,609.77,203.26,873.08,0.00,1,1,1,1,1,0,0,0,0,0,23,0.11,0,0,0,472,211,261,0,0,0.45,157.66
[00:12:39] ,player_stat,729.18,2,Team 2,Lumen,Moira,12,3,3,4619.95,602.60,4017.35,8417.30,2525.19,841.73,3615.61,0.00,2,4,3,3,2,0,0,2,0,0,62,0.11,0,0,0,1256,562,694,0,0,0.45,418.98
[00:12:39] ,player_stat,729.18,2,Team 2,Lumen,Kiriko,4,1,1,1308.54,170.68,1137.86,2384.09,715.23,238.41,1024.07,0.00,1,1,1,1,1,0,0,0,0,0,22,0.11,0,0,0,457,204,253,0,0,0.45,152.54
[00:12:39] ,player_stat,729.18,2,Team 1,Juniper,Mercy,19,5,6,7151.07,932.75,6218.32,13028.86,3908.66,1302.89,5596.49,0.00,4,6,5,5,2,1,1,3,0,0,94,0.11,0,0,0,2187,848,1339,0,0,0.39,729.18
[00:12:39] ,player_stat,729.18,2,Team 1,Tidal,Lúcio,19,5,6,6910.40,901.36,6009.04,12590.37,3777.11,1259.04,5408.14,0.00,4,6,5,5,2,1,1,3,0,0,101,0.11,0,0,0,2187,909,1278,0,0,0.42,729.18
[00:12:39] ,player_stat,729.18,2,Team 2,Kestrel,Sojourn,39,18,5,19458.09,2538.01,16920.08,534.32,160.30,53.43,15228.07,0.00,8,12,5,5,4,2,4,6,0,0,109,0.11,0,0,0,2187,988,1199,0,0,0.45,729.18
[00:12:39] ,player_stat,729.18,2,Team 1,Sorrel,Ashe,27,12,6,13626.14,1777.32,11848.82,374.17,112.25,37.42,10663.94,0.00,5,8,5,5,3,1,3,4,0,0,99,0.11,0,0,0,2187,892,1295,0,0,0.41,729.18
[00:12:39] ,player_stat,729.18,2,Team 2,Cobalt,Orisa,27,10,6,12128.89,1582.03,10546.86,0.00,0.00,0.00,9492.17,11167.26,5,8,5,5,3,1,2,4,0,0,99,0.11,0,0,0,2187,892,1295,0,0,0.41,729.18
[00:12:39] ,player_stat,729.18,2,Team 1,Marrow,Junker Queen,36,13,5,16021.87,2089.81,13932.06,0.00,0.00,0.00,12538.85,14751.59,7,11,5,5,4,2,3,6,0,0,107,0.11,0,0,0,2187,971,1216,0,0,0.44,729.18
[00:12:39] ,player_stat,729.18,2,Team 2,Vesper,Pharah,29,13,8,14238.85,1857.24,12381.61,391.00,117.30,39.10,11143.45,0.00,6,9,5,5,3,1,3,4,0,0,97,0.11,0,0,0,2187,874,1313,0,0,0.40,729.18
[00:12:40] ,match_end,729.18,2,3,1
