[00:00:00] ,match_start,0,Busan,Control,Team 1,Team 2
[00:00:30] ,round_start,0.00,1,0,0,0,0
[00:01:30] ,hero_swap,60.00,Team 2,Juniper,Mercy,Illari,0
[00:01:00] ,kill,30.00,Team 1,Rook,Junker Queen,Team 2,Marrow,Winston,Primary Fire,149.00,False,0
[00:01:20] ,kill,50.00,Team 2,Halcyon,Torbjörn,Team 1,Bramble,Ana,Primary Fire,29.87,False,0
[00:01:40] ,****,70.00,Team 1,Pike,Mei,Team 2,Juniper,Mercy,Primary Fire,44.15,False,0
[00:02:00] ,****,90.00,Team 1,Pike,Mei,Team 2,Marrow,Winston,Primary Fire,37.05,False,0
[00:04:19] ,round_end,229.42,1,0,0,1,0,100,0,0
[00:04:19] ,player_stat,229.42,1,Team 1,Pike,Mei,7,3,2,3695.78,482.06,3213.73,101.49,30.45,10.15,2892.35,0.00,1,2,2,2,1,0,0,1,0,0,30,0.11,0,0,0,688,272,416,0,0,0.40,229.42
[00:04:19] ,player_stat,229.42,1,Team 2,Ember,Reaper,7,3,2,3578.67,466.78,3111.89,98.27,29.48,9.83,2800.70,0.00,1,2,2,2,1,0,0,1,0,0,30,0.11,0,0,0,688,277,411,0,0,0.40,229.42
[00:04:19] ,player_stat,229.42,1,Team 1,Lumen,Ana,6,2,1,2144.97,279.78,1865.19,3908.03,1172.41,390.80,1678.67,0.00,1,2,2,2,1,0,0,1,0,0,34,0.11,0,0,0,688,308,380,0,0,0.45,229.42
[00:04:19] ,player_stat,229.42,1,Team 2,Halcyon,Torbjörn,10,4,3,4750.43,619.62,4130.81,130.45,39.13,13.04,3717.73,0.00,2,3,2,2,1,0,1,1,0,0,25,0.11,0,0,0,688,231,457,0,0,0.34,229.42
[00:04:19] ,player_stat,229.42,1,Team 2,Juniper,Illari,2,1,1,713.26,93.03,620.22,1299.51,389.85,129.95,558.20,0.00,0,1,1,1,1,0,0,0,0,0,9,0.11,0,0,0,230,89,141,0,0,0.39,76.89
[00:04:19] ,player_stat,229.42,1,Team 2,Juniper,Mercy,4,1,1,1490.28,194.38,1295.90,2715.21,814.56,271.52,1166.31,0.00,1,1,1,1,1,0,0,0,0,0,19,0.11,0,0,0,457,177,280,0,0,0.39,152.53
[00:04:19] ,player_stat,229.42,1,Team 1,Kestrel,Anran,10,5,2,5047.50,658.37,4389.13,138.60,41.58,13.86,3950.22,0.00,2,3,2,2,1,0,1,1,0,0,34,0.11,0,0,0,688,310,378,0,0,0.45,229.42
[00:04:19] ,player_stat,229.42,1,Team 1,Bramble,Ana,5,1,2,1864.92,243.25,1621.67,3397.79,1019.34,339.78,1459.51,0.00,1,2,2,2,1,0,0,0,0,0,33,0.11,0,0,0,688,297,391,0,0,0.43,229.42
[00:04:19] ,player_stat,229.42,1,Team 2,Marrow,Winston,13,5,2,5661.63,738.47,4923.16,0.00,0.00,0.00,4430.84,5212.75,3,4,2,2,2,0,1,2,0,0,33,0.11,0,0,0,688,305,383,0,0,0.44,229.42
[00:04:19] ,player_stat,229.42,1,Team 2,Fennel,Lifeweaver,5,1,2,1991.87,259.81,1732.06,3629.07,1088.72,362.91,1558.85,0.00,1,2,2,2,1,0,0,0,0,0,28,0.11,0,0,0,688,258,430,0,0,0.38,229.42
[00:04:19] ,player_stat,229.42,1,Team 1,Rook,Junker Queen,11,4,2,4907.44,640.10,4267.34,0.00,0.00,0.00,3840.60,4518.36,2,3,2,2,1,0,1,1,0,0,28,0.11,0,0,0,688,253,435,0,0,0.37,229.42
[00:04:19] ,round_start,229.42,2,0,0,1,0
[00:04:49] ,kill,259.42,Team 2,Juniper,Mercy,Team 1,Lumen,Ana,Primary Fire,194.14,False,0
[00:05:09] ,****,279.42,Team 1,Kestrel,Anran,Team 2,Halcyon,Torbjörn,Primary Fire,183.18,False,0
[00:05:29] ,kill,299.42,Team 1,Pike,Mei,Team 2,Juniper,Mercy,Primary Fire,198.15,False,0
[00:05:49] ,kill,319.42,Team 1,Bramble,Ana,Team 2,Fennel,Lifeweaver,Primary Fire,144.31,False,0
[00:08:06] ,round_end,456.99,2,0,1,1,0,100,0,0
[00:08:06] ,player_stat,456.99,2,Team 1,Pike,Mei,15,7,4,7502.43,978.58,6523.85,206.02,61.80,20.60,5871.47,0.00,3,4,3,3,2,1,1,2,0,0,60,0.11,0,0,0,1370,542,828,0,0,0.40,456.99
[00:08:06] ,player_stat,456.99,2,Team 2,Ember,Reaper,19,9,3,9331.38,1217.14,8114.25,256.24,76.87,25.62,7302.82,0.00,4,6,3,3,2,1,2,3,0,0,61,0.11,0,0,0,1370,553,817,0,0,0.40,456.99
[00:08:06] ,player_stat,456.99,2,Team 1,Lumen,Ana,13,3,3,4784.84,624.11,4160.73,8717.72,2615.32,871.77,3744.66,0.00,3,4,3,3,2,0,0,2,0,0,68,0.11,0,0,0,1370,613,757,0,0,0.45,456.99
[00:08:06] ,player_stat,456.99,2,Team 2,Halcyon,Torbjörn,17,8,6,8321.51,1085.41,7236.10,228.51,68.55,22.85,6512.49,0.00,3,5,3,3,2,1,2,2,0,0,51,0.11,0,0,0,1370,460,910,0,0,0.34,456.99
[00:08:06] ,player_stat,456.99,2,Team 2,Juniper,Illari,2,1,1,713.26,93.03,620.22,1299.51,389.85,129.95,558.20,0.00,0,1,1,1,1,0,0,0,0,0,9,0.11,0,0,0,230,89,141,0,0,0.39,76.89
[00:08:06] ,player_stat,456.99,2,Team 2,Juniper,Mercy,9,3,3,3509.39,457.75,3051.65,6393.93,1918.18,639.39,2746.48,0.00,2,3,3,3,1,0,0,1,0,0,49,0.11,0,0,0,1140,442,698,0,0,0.39,380.11
[00:08:06] ,player_stat,456.99,2,Team 1,Kestrel,Anran,23,11,4,11631.57,1517.16,10114.41,319.40,95.82,31.94,9102.97,0.00,5,7,3,3,2,1,2,3,0,0,68,0.11,0,0,0,1370,619,751,0,0,0.45,456.99
[00:08:06] ,player_stat,456.99,2,Team 1,Bramble,Ana,11,3,3,4172.92,544.29,3628.63,7602.84,2280.85,760.28,3265.76,0.00,2,3,3,3,1,0,0,1,0,0,65,0.11,0,0,0,1370,591,779,0,0,0.43,456.99
[00:08:06] ,player_stat,456.99,2,Team 2,Marrow,Winston,22,8,4,9798.43,1278.06,8520.38,0.00,0.00,0.00,7668.34,9021.58,4,7,3,3,2,1,2,3,0,0,67,0.11,0,0,0,1370,608,762,0,0,0.44,456.99
[00:08:06] ,player_stat,456.99,2,Team 2,Fennel,Lifeweaver,8,2,3,3046.07,397.31,2648.75,5549.77,1664.93,554.98,2383.88,0.00,2,2,3,3,1,0,0,1,0,0,57,0.11,0,0,0,1370,515,855,0,0,0.38,456.99
[00:08:06] ,player_stat,456.99,2,Team 1,Rook,Junker Queen,18,6,4,7853.53,1024.37,6829.16,0.00,0.00,0.00,6146.24,7230.87,4,5,3,3,2,1,1,3,0,0,56,0.11,0,0,0,1370,504,866,0,0,0.37,456.99
[00:08:06] ,round_start,456.99,3,0,1,1,0
[00:09:06] ,hero_swap,516.99,Team 2,Juniper,Illari,Mercy,0
[00:08:36] ,kill,486.99,Team 1,Kestrel,Anran,Team 2,Ember,Reaper,Primary Fire,69.98,False,0
[00:08:56] ,kill,506.99,Team 1,Kestrel,Anran,Team 2,Marrow,Winston,Primary Fire,48.45,False,0
[00:09:16] ,kill,526.99,Team 2,Fennel,Lifeweaver,Team 1,Pike,Mei,Primary Fire,52.51,False,0
[00:09:36] ,****,546.99,Team 1,Rook,Junker Queen,Team 2,Marrow,Winston,Primary Fire,137.40,False,0
[00:12:33] ,round_end,723.98,3,0,2,1,0,100,0,0
[00:12:33] ,player_stat,723.98,3,Team 1,Pike,Mei,27,12,7,13169.24,1717.73,11451.52,361.63,108.49,36.16,10306.36,0.00,5,8,5,5,3,1,3,4,0,0,95,0.11,0,0,0,2171,859,1312,0,0,0.40,723.98
[00:12:33] ,player_stat,723.98,3,Team 2,Ember,Reaper,27,12,6,13600.69,1774.00,11826.69,373.47,112.04,37.35,10644.02,0.00,5,8,5,5,3,1,3,4,0,0,97,0.11,0,0,0,2171,877,1294,0,0,0.40,723.98
[00:12:33] ,player_stat,723.98,3,Team 1,Lumen,Ana,21,6,4,7927.78,1034.06,6893.72,14443.99,4333.20,1444.40,6204.35,0.00,4,6,5,5,2,1,1,3,0,0,108,0.11,0,0,0,2171,972,1199,0,0,0.45,723.98
[00:12:33] ,player_stat,723.98,3,Team 2,Halcyon,Torbjörn,24,11,10,11923.81,1555.28,10368.53,327.43,98.23,32.74,9331.68,0.00,5,7,5,5,3,1,2,4,0,0,81,0.11,0,0,0,2171,729,1442,0,0,0.34,723.98
[00:12:33] ,player_stat,723.98,3,Team 2,Juniper,Illari,5,1,2,1925.86,251.20,1674.66,3508.81,1052.64,350.88,1507.19,0.00,1,2,2,2,1,0,0,0,0,0,33,0.11,0,0,0,767,297,470,0,0,0.39,255.82
[00:12:33] ,player_stat,723.98,3,Team 2,Juniper,Mercy,11,3,4,4027.33,525.30,3502.03,7337.58,2201.27,733.76,3151.82,0.00,2,3,3,3,1,0,0,1,0,0,60,0.11,0,0,0,1404,544,860,0,0,0.39,468.16
[00:12:33] ,player_stat,723.98,3,Team 1,Kestrel,Anran,41,19,5,20287.27,2646.17,17641.10,557.09,167.13,55.71,15876.99,0.00,8,12,5,5,4,2,4,6,0,0,109,0.11,0,0,0,2171,981,1190,0,0,0.45,723.98
[00:12:33] ,player_stat,723.98,3,Team 1,Bramble,Ana,19,5,5,7098.54,925.90,6172.64,12933.16,3879.95,1293.32,5555.38,0.00,4,6,5,5,2,1,1,3,0,0,104,0.11,0,0,0,2171,937,1234,0,0,0.43,723.98
[00:12:33] ,player_stat,723.98,3,Team 2,Marrow,Winston,38,14,8,16685.63,2176.39,14509.24,0.00,0.00,0.00,13058.32,15362.73,8,11,5,5,4,2,3,6,0,0,107,0.11,0,0,0,2171,963,1208,0,0,0.44,723.98
[00:12:33] ,player_stat,723.98,3,Team 2,Fennel,Lifeweaver,14,4,6,5262.41,686.40,4576.00,9587.82,2876.35,958.78,4118.40,0.00,3,4,5,5,2,0,1,2,0,0,90,0.11,0,0,0,2171,816,1355,0,0,0.38,723.98
[00:12:33] ,player_stat,723.98,3,Team 1,Rook,Junker Queen,28,10,7,12540.17,1635.67,10904.50,0.00,0.00,0.00,9814.05,11545.94,6,8,5,5,3,1,2,4,0,0,88,0.11,0,0,0,2171,798,1373,0,0,0.37,723.98
[00:12:34] ,match_end,723.98,3,2,1
