[00:00:00] ,match_start,0,New Junk City,Flashpoint,Team 1,Team 2
[00:00:30] ,round_start,0.00,1,0,0,0,0
[00:01:30] ,hero_swap,60.00,Team 2,Wren,Sombra,Venture,0
[00:01:30] ,hero_swap,60.00,Team 2,Tidal,Moira,Mizuki,0
[00:01:30] ,hero_swap,60.00,Team 2,Fennel,Lifeweaver,Kiriko,0
[00:01:30] ,hero_swap,60.00,Team 2,Cobalt,Wrecking Ball,Doomfist,0
[00:01:00] ,****,30.00,Team 2,Tidal,Moira,Team 1,Ember,Doomfist,Primary Fire,146.84,False,0
[00:01:20] ,kill,50.00,Team 2,Pike,Widowmaker,Team 1,Ember,Doomfist,Primary Fire,71.68,False,0
[00:01:40] ,****,70.00,Team 2,Tidal,Moira,Team 1,Quill,Cassidy,Primary Fire,155.09,False,0
[00:02:00] ,****,90.00,Team 2,Wren,Sombra,Team 1,Juniper,Lúcio,Primary Fire,145.14,False,0
[00:02:20] ,****,110.00,Team 1,Juniper,Lúcio,Team 2,Tidal,Moira,Primary Fire,169.73,False,0
[00:02:40] ,kill,130.00,Team 2,Pike,Widowmaker,Team 1,Halcyon,Tracer,Primary Fire,188.89,False,0
[00:06:51] ,round_end,381.55,1,0,0,1,0,100,0,0
[00:06:51] ,player_stat,381.55,1,Team 2,Pike,Widowmaker,15,7,3,7678.15,1001.50,6676.66,210.84,63.25,21.08,6008.99,0.00,3,4,3,3,2,1,1,2,0,0,50,0.11,0,0,0,1144,453,691,0,0,0.40,381.55
[00:06:51] ,player_stat,381.55,1,Team 1,Ember,Doomfist,16,6,4,6923.98,903.13,6020.85,0.00,0.00,0.00,5418.77,6375.02,3,5,3,3,2,1,1,2,0,0,52,0.11,0,0,0,1144,475,669,0,0,0.42,381.55
[00:06:51] ,player_stat,381.55,1,Team 1,Lumen,Juno,14,4,3,5078.16,662.37,4415.79,9252.14,2775.64,925.21,3974.21,0.00,3,4,3,3,2,0,1,2,0,0,56,0.11,0,0,0,1144,512,632,0,0,0.45,381.55
[00:06:51] ,player_stat,381.55,1,Team 2,Wren,Venture,9,4,2,4490.96,585.78,3905.18,123.32,37.00,12.33,3514.67,0.00,2,3,2,1,1,0,1,1,0,0,28,0.11,0,0,0,662,256,406,0,0,0.39,220.84
[00:06:51] ,player_stat,381.55,1,Team 2,Wren,Sombra,6,3,1,2844.95,371.08,2473.87,78.12,23.44,7.81,2226.48,0.00,1,2,1,1,1,0,0,1,0,0,20,0.11,0,0,0,482,187,295,0,0,0.39,160.71
[00:06:51] ,player_stat,381.55,1,Team 1,Halcyon,Tracer,12,6,4,6177.28,805.73,5371.55,169.63,50.89,16.96,4834.40,0.00,2,4,3,3,2,0,1,2,0,0,42,0.11,0,0,0,1144,384,760,0,0,0.34,381.55
[00:06:51] ,player_stat,381.55,1,Team 2,Tidal,Mizuki,8,2,2,2917.37,380.53,2536.84,5315.28,1594.58,531.53,2283.16,0.00,2,2,2,2,1,0,0,1,0,0,35,0.11,0,0,0,775,322,453,0,0,0.42,258.59
[00:06:51] ,player_stat,381.55,1,Team 2,Tidal,Moira,4,1,1,1307.51,170.55,1136.97,2382.22,714.66,238.22,1023.27,0.00,1,1,1,1,1,0,0,0,0,0,17,0.11,0,0,0,368,153,215,0,0,0.42,122.96
[00:06:51] ,player_stat,381.55,1,Team 1,Juniper,Lúcio,9,2,3,3238.57,422.42,2816.15,5900.51,1770.15,590.05,2534.54,0.00,2,3,3,3,1,0,0,1,0,0,49,0.11,0,0,0,1144,443,701,0,0,0.39,381.55
[00:06:51] ,player_stat,381.55,1,Team 1,Quill,Cassidy,14,6,3,7070.89,922.29,6148.60,194.17,58.25,19.42,5533.74,0.00,3,4,3,3,2,0,1,2,0,0,53,0.11,0,0,0,1144,485,659,0,0,0.42,381.55
[00:06:51] ,player_stat,381.55,1,Team 2,Fennel,Kiriko,3,1,1,1269.89,165.64,1104.26,2313.68,694.10,231.37,993.83,0.00,1,1,1,1,1,0,0,0,0,0,19,0.11,0,0,0,478,179,299,0,0,0.37,159.41
[00:06:51] ,player_stat,381.55,1,Team 2,Fennel,Lifeweaver,4,1,2,1487.78,194.06,1293.72,2710.66,813.20,271.07,1164.35,0.00,1,1,2,1,1,0,0,0,0,0,27,0.11,0,0,0,666,250,416,0,0,0.38,222.14
[00:06:51] ,player_stat,381.55,1,Team 2,Cobalt,Doomfist,9,3,2,3939.33,513.83,3425.51,0.00,0.00,0.00,3082.96,3627.01,2,3,2,2,1,0,0,1,0,0,31,0.11,0,0,0,695,283,412,0,0,0.41,231.87
[00:06:51] ,player_stat,381.55,1,Team 2,Cobalt,Wrecking Ball,6,2,2,2794.41,364.49,2429.93,0.00,0.00,0.00,2186.93,2572.86,1,2,1,1,1,0,0,1,0,0,20,0.11,0,0,0,449,183,266,0,0,0.41,149.68
[00:06:52] ,match_end,381.55,1,0,1
