[00:00:00] ,match_start,0,Circuit Royal,Escort,Team 1,Team 2
[00:00:30] ,round_start,0.00,1,0,0,0,0
[00:01:00] ,****,30.00,Team 2,Cobalt,Bastion,Team 1,Juniper,Mercy,Primary Fire,134.51,False,0
[00:01:20] ,****,50.00,Team 1,Ember,Reaper,Team 2,Kestrel,Genji,Primary Fire,162.62,False,0
[00:01:40] ,kill,70.00,Team 1,Sorrel,Widowmaker,Team 2,Marrow,Sigma,Primary Fire,87.63,False,0
[00:02:00] ,****,90.00,Team 2,Cobalt,Bastion,Team 1,Juniper,Mercy,Primary Fire,129.34,False,0
[00:02:20] ,kill,110.00,Team 2,Kestrel,Genji,Team 1,Juniper,Mercy,Primary Fire,43.31,False,0
[00:07:15] ,round_end,405.61,1,0,0,2,0,100,0,0
[00:07:15] ,player_stat,405.61,1,Team 1,Juniper,Mercy,8,2,3,2968.67,387.22,2581.45,5408.76,1622.63,540.88,2323.31,0.00,2,2,3,3,1,0,0,1,0,0,52,0.11,0,0,0,1216,471,745,0,0,0.39,405.61
[00:07:15] ,player_stat,405.61,1,Team 1,Ember,Reaper,14,6,4,6778.43,884.14,5894.29,186.14,55.84,18.61,5304.86,0.00,3,4,3,3,2,0,1,2,0,0,54,0.11,0,0,0,1216,491,725,0,0,0.40,405.61
[00:07:15] ,player_stat,405.61,1,Team 2,Cobalt,Bastion,13,6,4,6423.04,837.79,5585.25,176.38,52.91,17.64,5026.73,0.00,3,4,3,3,2,0,1,2,0,0,47,0.11,0,0,0,1216,423,793,0,0,0.35,405.61
[00:07:15] ,player_stat,405.61,1,Team 2,Kestrel,Genji,21,9,3,10184.15,1328.37,8855.78,279.66,83.90,27.97,7970.20,0.00,4,6,3,3,2,1,2,3,0,0,61,0.11,0,0,0,1216,549,667,0,0,0.45,405.61
[00:07:15] ,player_stat,405.61,1,Team 1,Sorrel,Widowmaker,15,7,4,7629.50,995.15,6634.35,209.51,62.85,20.95,5970.91,0.00,3,4,3,3,2,1,1,2,0,0,55,0.11,0,0,0,1216,496,720,0,0,0.41,405.61
[00:07:15] ,player_stat,405.61,1,Team 2,Halcyon,Lifeweaver,9,3,3,3491.91,455.47,3036.44,6362.07,1908.62,636.21,2732.80,0.00,2,3,3,3,1,0,0,1,0,0,48,0.11,0,0,0,1216,432,784,0,0,0.36,405.61
[00:07:15] ,player_stat,405.61,1,Team 2,Marrow,Sigma,19,7,2,8347.63,1088.82,7258.81,0.00,0.00,0.00,6532.93,7685.79,4,6,3,3,2,1,1,3,0,0,59,0.11,0,0,0,1216,539,677,0,0,0.44,405.61
[00:07:15] ,player_stat,405.61,1,Team 2,Fennel,Ana,10,3,3,3629.38,473.40,3155.99,6612.54,1983.76,661.25,2840.39,0.00,2,3,3,3,1,0,0,1,0,0,50,0.11,0,0,0,1216,457,759,0,0,0.38,405.61
[00:07:15] ,player_stat,405.61,1,Team 1,Rook,Mauga,15,5,4,6645.06,866.75,5778.32,0.00,0.00,0.00,5200.48,6118.22,3,4,3,3,2,1,1,2,0,0,49,0.11,0,0,0,1216,447,769,0,0,0.37,405.61
[00:07:15] ,player_stat,405.61,1,Team 1,Tidal,Zenyatta,9,2,4,3276.52,427.37,2849.15,5969.64,1790.89,596.96,2564.23,0.00,2,3,3,3,1,0,0,1,0,0,56,0.11,0,0,0,1216,505,711,0,0,0.42,405.61
[00:07:15] ,round_start,405.61,2,0,0,2,0
[00:08:15] ,hero_swap,465.61,Team 1,Sorrel,Hanzo,Widowmaker,0
[00:08:15] ,hero_swap,465.61,Team 2,Marrow,Winston,Sigma,0
[00:08:15] ,hero_swap,465.61,Team 1,Rook,D.Va,Mauga,0
[00:07:45] ,kill,435.61,Team 1,Ember,Reaper,Team 2,Halcyon,Lifeweaver,Primary Fire,176.95,False,0
[00:08:05] ,kill,455.61,Team 2,Cobalt,Bastion,Team 1,Ember,Reaper,Primary Fire,21.08,False,0
[00:08:25] ,****,475.61,Team 1,Sorrel,Hanzo,Team 2,Fennel,Ana,Primary Fire,76.35,False,0
[00:08:45] ,****,495.61,Team 2,Cobalt,Bastion,Team 1,Tidal,Zenyatta,Primary Fire,179.44,False,0
[00:09:05] ,****,515.61,Team 1,Sorrel,Hanzo,Team 2,Cobalt,Bastion,Primary Fire,88.44,False,0
[00:09:25] ,****,535.61,Team 2,Fennel,Ana,Team 1,Sorrel,Hanzo,Primary Fire,43.72,False,0
[00:15:51] ,round_end,921.15,2,0,2,3,0,100,0,0
[00:15:51] ,player_stat,921.15,2,Team 1,Juniper,Mercy,18,5,7,6719.96,876.52,5843.44,12243.41,3673.02,1224.34,5259.10,0.00,4,5,7,6,2,1,1,3,0,0,119,0.11,0,0,0,2763,1072,1691,0,0,0.39,921.15
[00:15:51] ,player_stat,921.15,2,Team 1,Ember,Reaper,34,15,9,16895.61,2203.77,14691.83,463.95,139.19,46.40,13222.65,0.00,7,10,7,6,3,2,3,5,0,0,124,0.11,0,0,0,2763,1116,1647,0,0,0.40,921.15
[00:15:51] ,player_stat,921.15,2,Team 2,Cobalt,Bastion,28,13,10,14032.41,1830.31,12202.10,385.33,115.60,38.53,10981.89,0.00,6,8,7,6,3,1,3,4,0,0,106,0.11,0,0,0,2763,961,1802,0,0,0.35,921.15
[00:15:51] ,player_stat,921.15,2,Team 2,Kestrel,Genji,44,20,6,21712.13,2832.02,18880.11,596.21,178.86,59.62,16992.10,0.00,9,13,7,6,4,2,5,7,0,0,138,0.11,0,0,0,2763,1248,1515,0,0,0.45,921.15
[00:15:51] ,player_stat,921.15,2,Team 1,Sorrel,Widowmaker,22,10,8,10958.21,1429.33,9528.88,300.91,90.27,30.09,8575.99,0.00,4,7,5,5,2,1,2,3,0,0,95,0.11,0,0,0,2114,862,1252,0,0,0.41,704.82
[00:15:51] ,player_stat,921.15,2,Team 1,Sorrel,Hanzo,9,4,2,4248.05,554.09,3693.96,116.65,35.00,11.67,3324.56,0.00,2,3,2,1,1,0,1,1,0,0,29,0.11,0,0,0,648,264,384,0,0,0.41,216.33
[00:15:51] ,player_stat,921.15,2,Team 2,Halcyon,Lifeweaver,23,6,9,8414.03,1097.48,7316.55,15329.92,4598.98,1532.99,6584.90,0.00,5,7,7,6,2,1,1,3,0,0,109,0.11,0,0,0,2763,983,1780,0,0,0.36,921.15
[00:15:51] ,player_stat,921.15,2,Team 2,Marrow,Sigma,35,13,4,15618.81,2037.24,13581.58,0.00,0.00,0.00,12223.42,14380.49,7,10,5,4,3,2,3,5,0,0,95,0.11,0,0,0,1929,856,1073,0,0,0.44,643.11
[00:15:51] ,player_stat,921.15,2,Team 2,Marrow,Winston,11,4,2,4893.49,638.28,4255.21,0.00,0.00,0.00,3829.69,4505.52,2,3,2,2,1,0,1,1,0,0,41,0.11,0,0,0,834,370,464,0,0,0.44,278.04
[00:15:51] ,player_stat,921.15,2,Team 2,Fennel,Ana,23,6,7,8478.59,1105.90,7372.69,15447.53,4634.26,1544.75,6635.42,0.00,5,7,7,6,2,1,1,3,0,0,115,0.11,0,0,0,2763,1038,1725,0,0,0.38,921.15
[00:15:51] ,player_stat,921.15,2,Team 1,Rook,Mauga,24,9,7,10584.63,1380.60,9204.03,0.00,0.00,0.00,8283.62,9745.44,5,7,5,4,3,1,2,4,0,0,81,0.11,0,0,0,1988,731,1257,0,0,0.37,662.75
[00:15:51] ,player_stat,921.15,2,Team 1,Rook,D.Va,6,2,3,2668.82,348.11,2320.71,0.00,0.00,0.00,2088.64,2457.23,1,2,2,2,1,0,0,1,0,0,31,0.11,0,0,0,775,285,490,0,0,0.37,258.40
[00:15:51] ,player_stat,921.15,2,Team 1,Tidal,Zenyatta,19,5,10,7024.78,916.28,6108.50,12798.77,3839.63,1279.88,5497.65,0.00,4,6,7,6,2,1,1,3,0,0,127,0.11,0,0,0,2763,1149,1614,0,0,0.42,921.15
[00:15:52] ,match_end,921.15,2,2,3
