[00:00:00] ,match_start,0,King's Row,Hybrid,Team 1,Team 2
[00:00:30] ,round_start,0.00,1,0,0,0,0
[00:01:30] ,hero_swap,60.00,Team 1,Lumen,Kiriko,Ana,0
[00:01:30] ,hero_swap,60.00,Team 1,Marrow,Roadhog,D.Va,0
[00:01:00] ,kill,30.00,Team 1,Kestrel,Tracer,Team 2,Sorrel,Hanzo,Primary Fire,83.41,False,0
[00:01:20] ,kill,50.00,Team 2,Juniper,Illari,Team 1,Lumen,Kiriko,Primary Fire,181.28,False,0
[00:01:40] ,****,70.00,Team 1,Cobalt,Wuyang,Team 2,Wren,Juno,Primary Fire,192.04,False,0
[00:02:00] ,kill,90.00,Team 1,Halcyon,Soldier: 76,Team 2,Sorrel,Hanzo,Primary Fire,186.97,False,0
[00:02:20] ,****,110.00,Team 2,Rook,Junker Queen,Team 1,Lumen,Kiriko,Primary Fire,126.36,False,0
[00:02:40] ,kill,130.00,Team 1,Halcyon,Soldier: 76,Team 2,Wren,Juno,Primary Fire,53.09,False,0
[00:08:37] ,round_end,487.94,1,0,3,0,0,100,0,0
[00:08:37] ,player_stat,487.94,1,Team 2,Sorrel,Hanzo,16,7,5,7942.30,1035.95,6906.35,218.10,65.43,21.81,6215.72,0.00,3,5,3,3,2,1,1,2,0,0,66,0.11,0,0,0,1463,596,867,0,0,0.41,487.94
[00:08:37] ,player_stat,487.94,1,Team 2,Vesper,Pharah,15,7,7,7380.44,962.67,6417.77,202.67,60.80,20.27,5776.00,0.00,3,4,3,3,2,1,1,2,0,0,65,0.11,0,0,0,1463,585,878,0,0,0.40,487.94
[00:08:37] ,player_stat,487.94,1,Team 2,Rook,Junker Queen,17,6,5,7466.39,973.88,6492.51,0.00,0.00,0.00,5843.26,6874.42,3,5,3,3,2,1,1,2,0,0,59,0.11,0,0,0,1463,538,925,0,0,0.37,487.94
[00:08:37] ,player_stat,487.94,1,Team 1,Halcyon,Soldier: 76,16,7,4,7818.92,1019.86,6799.06,214.71,64.41,21.47,6119.15,0.00,3,5,3,3,2,1,1,2,0,0,54,0.11,0,0,0,1463,491,972,0,0,0.34,487.94
[00:08:37] ,player_stat,487.94,1,Team 1,Kestrel,Tracer,38,17,4,18832.97,2456.47,16376.49,517.15,155.15,51.72,14738.84,0.00,8,11,3,3,4,2,4,6,0,0,73,0.11,0,0,0,1463,661,802,0,0,0.45,487.94
[00:08:37] ,player_stat,487.94,1,Team 1,Cobalt,Wuyang,8,2,4,3091.12,403.19,2687.93,5631.86,1689.56,563.19,2419.14,0.00,2,2,3,3,1,0,0,1,0,0,55,0.11,0,0,0,1463,503,960,0,0,0.34,487.94
[00:08:37] ,player_stat,487.94,1,Team 2,Wren,Juno,12,3,3,4345.90,566.86,3779.05,7918.00,2375.40,791.80,3401.14,0.00,2,4,3,3,2,0,0,2,0,0,65,0.11,0,0,0,1463,591,872,0,0,0.40,487.94
[00:08:37] ,player_stat,487.94,1,Team 2,Juniper,Illari,9,3,5,3492.94,455.60,3037.34,6363.96,1909.19,636.40,2733.61,0.00,2,3,3,3,1,0,0,1,0,0,63,0.11,0,0,0,1463,567,896,0,0,0.39,487.94
[00:08:37] ,player_stat,487.94,1,Team 1,Lumen,Ana,12,3,2,4532.38,591.18,3941.20,8257.75,2477.33,825.78,3547.08,0.00,2,4,2,2,2,0,0,2,0,0,48,0.11,0,0,0,967,433,534,0,0,0.45,322.63
[00:08:37] ,player_stat,487.94,1,Team 1,Lumen,Kiriko,4,1,1,1670.77,217.93,1452.84,3044.05,913.21,304.40,1307.56,0.00,1,1,1,1,1,0,0,0,0,0,24,0.11,0,0,0,495,221,274,0,0,0.45,165.31
[00:08:37] ,player_stat,487.94,1,Team 1,Marrow,D.Va,14,5,1,6114.24,797.51,5316.73,0.00,0.00,0.00,4785.06,5629.48,3,4,2,1,2,0,1,2,0,0,33,0.11,0,0,0,674,299,375,0,0,0.44,224.81
[00:08:37] ,player_stat,487.94,1,Team 1,Marrow,Roadhog,13,5,2,5640.55,735.72,4904.83,0.00,0.00,0.00,4414.35,5193.35,3,4,2,2,2,0,1,2,0,0,38,0.11,0,0,0,789,350,439,0,0,0.44,263.13
[00:08:37] ,round_start,487.94,2,0,3,0,0
[00:09:07] ,kill,517.94,Team 1,Marrow,Roadhog,Team 2,Vesper,Pharah,Primary Fire,182.24,False,0
[00:09:27] ,****,537.94,Team 2,Vesper,Pharah,Team 1,Lumen,Kiriko,Primary Fire,47.80,False,0
[00:09:47] ,kill,557.94,Team 1,Halcyon,Soldier: 76,Team 2,Wren,Juno,Primary Fire,96.29,False,0
[00:10:07] ,****,577.94,Team 2,Sorrel,Hanzo,Team 1,Lumen,Kiriko,Primary Fire,95.65,False,0
[00:10:27] ,****,597.94,Team 1,Cobalt,Wuyang,Team 2,Rook,Junker Queen,Primary Fire,21.02,False,0
[00:16:42] ,round_end,972.02,2,0,3,1,0,100,0,0
[00:16:42] ,player_stat,972.02,2,Team 2,Sorrel,Hanzo,33,15,11,16468.34,2148.04,14320.29,452.22,135.67,45.22,12888.26,0.00,7,10,7,6,3,2,3,5,0,0,132,0.11,0,0,0,2916,1189,1727,0,0,0.41,972.02
[00:16:42] ,player_stat,972.02,2,Team 2,Vesper,Pharah,34,15,12,16650.51,2171.81,14478.70,457.22,137.17,45.72,13030.83,0.00,7,10,7,6,3,2,3,5,0,0,129,0.11,0,0,0,2916,1166,1750,0,0,0.40,972.02
[00:16:42] ,player_stat,972.02,2,Team 2,Rook,Junker Queen,36,13,10,15821.09,2063.62,13757.47,0.00,0.00,0.00,12381.72,14566.73,7,11,7,6,4,2,3,6,0,0,119,0.11,0,0,0,2916,1073,1843,0,0,0.37,972.02
[00:16:42] ,player_stat,972.02,2,Team 1,Halcyon,Soldier: 76,30,14,8,14881.72,1941.09,12940.62,408.65,122.60,40.87,11646.56,0.00,6,9,7,6,3,2,3,5,0,0,108,0.11,0,0,0,2916,979,1937,0,0,0.34,972.02
[00:16:42] ,player_stat,972.02,2,Team 1,Kestrel,Tracer,63,29,8,31373.88,4092.25,27281.64,861.53,258.46,86.15,24553.47,0.00,13,19,7,6,5,4,7,10,0,0,146,0.11,0,0,0,2916,1318,1598,0,0,0.45,972.02
[00:16:42] ,player_stat,972.02,2,Team 1,Cobalt,Wuyang,19,5,10,7009.75,914.32,6095.44,12771.39,3831.42,1277.14,5485.89,0.00,4,6,7,6,2,1,1,3,0,0,111,0.11,0,0,0,2916,1003,1913,0,0,0.34,972.02
[00:16:42] ,player_stat,972.02,2,Team 2,Wren,Juno,22,6,6,8161.49,1064.54,7096.95,14869.80,4460.94,1486.98,6387.25,0.00,4,7,7,6,2,1,1,3,0,0,130,0.11,0,0,0,2916,1178,1738,0,0,0.40,972.02
[00:16:42] ,player_stat,972.02,2,Team 2,Juniper,Illari,22,6,9,8191.11,1068.41,7122.71,14923.76,4477.13,1492.38,6410.43,0.00,4,7,7,6,2,1,1,3,0,0,125,0.11,0,0,0,2916,1131,1785,0,0,0.39,972.02
[00:16:42] ,player_stat,972.02,2,Team 1,Lumen,Ana,12,3,2,4532.38,591.18,3941.20,8257.75,2477.33,825.78,3547.08,0.00,2,4,2,2,2,0,0,2,0,0,48,0.11,0,0,0,967,433,534,0,0,0.45,322.63
[00:16:42] ,player_stat,972.02,2,Team 1,Lumen,Kiriko,23,6,5,8402.88,1096.03,7306.85,15309.60,4592.88,1530.96,6576.17,0.00,5,7,5,4,2,1,1,3,0,0,96,0.11,0,0,0,1948,872,1076,0,0,0.45,649.39
[00:16:42] ,player_stat,972.02,2,Team 1,Marrow,D.Va,14,5,1,6114.24,797.51,5316.73,0.00,0.00,0.00,4785.06,5629.48,3,4,2,1,2,0,1,2,0,0,33,0.11,0,0,0,674,299,375,0,0,0.44,224.81
[00:16:42] ,player_stat,972.02,2,Team 1,Marrow,Roadhog,39,14,4,17285.12,2254.58,15030.54,0.00,0.00,0.00,13527.48,15914.69,8,12,5,5,4,2,3,6,0,0,110,0.11,0,0,0,2241,995,1246,0,0,0.44,747.21
[00:16:43] ,match_end,972.02,2,3,1
