[00:00:00] ,match_start,0,Watchpoint: Gibraltar,Escort,Team 1,Team 2
[00:00:30] ,round_start,0.00,1,0,0,0,0
[00:01:30] ,hero_swap,60.00,Team 1,Lumen,Brigitte,Lúcio,0
[00:01:30] ,hero_swap,60.00,Team 2,Halcyon,Soldier: 76,Torbjörn,0
[00:01:00] ,kill,30.00,Team 2,Bramble,Ana,Team 1,Lumen,Brigitte,Primary Fire,143.97,False,0
[00:01:20] ,kill,50.00,Team 2,Halcyon,Soldier: 76,Team 1,Lumen,Brigitte,Primary Fire,90.97,False,0
[00:01:40] ,kill,70.00,Team 2,Halcyon,Soldier: 76,Team 1,Quill,Zenyatta,Primary Fire,123.92,False,0
[00:02:00] ,****,90.00,Team 1,Rook,Roadhog,Team 2,Bramble,Ana,Primary Fire,130.77,False,0
[00:02:20] ,****,110.00,Team 2,Halcyon,Soldier: 76,Team 1,Lumen,Brigitte,Primary Fire,135.06,False,0
[00:07:30] ,round_end,420.78,1,0,3,0,0,100,0,0
[00:07:30] ,player_stat,420.78,1,Team 2,Vesper,Echo,17,8,5,8491.28,1107.56,7383.73,233.17,69.95,23.32,6645.35,0.00,3,5,3,3,2,1,2,2,0,0,56,0.11,0,0,0,1262,504,758,0,0,0.40,420.78
[00:07:30] ,player_stat,420.78,1,Team 2,PikeOnAlt,Wuyang,12,3,4,4419.80,576.50,3843.30,8052.63,2415.79,805.26,3458.97,0.00,2,4,3,3,2,0,0,2,0,0,54,0.11,0,0,0,1262,494,768,0,0,0.39,420.78
[00:07:30] ,player_stat,420.78,1,Team 1,Rook,Roadhog,19,7,6,8393.14,1094.76,7298.38,0.00,0.00,0.00,6568.55,7727.70,4,6,3,3,2,1,1,3,0,0,51,0.11,0,0,0,1262,464,798,0,0,0.37,420.78
[00:07:30] ,player_stat,420.78,1,Team 1,Kestrel,Sojourn,34,15,3,16880.15,2201.76,14678.40,463.53,139.06,46.35,13210.56,0.00,7,10,3,3,3,2,3,5,0,0,63,0.11,0,0,0,1262,570,692,0,0,0.45,420.78
[00:07:30] ,player_stat,420.78,1,Team 1,Sorrel,Widowmaker,21,10,2,10397.26,1356.16,9041.10,285.51,85.65,28.55,8136.99,0.00,4,6,3,3,2,1,2,3,0,0,57,0.11,0,0,0,1262,514,748,0,0,0.41,420.78
[00:07:30] ,player_stat,420.78,1,Team 1,Lumen,Lúcio,5,1,1,2031.94,265.04,1766.91,3702.09,1110.63,370.21,1590.22,0.00,1,2,1,1,1,0,0,0,0,0,22,0.11,0,0,0,458,205,253,0,0,0.45,152.96
[00:07:30] ,player_stat,420.78,1,Team 1,Lumen,Brigitte,9,2,1,3301.64,430.65,2870.99,6015.41,1804.62,601.54,2583.89,0.00,2,3,2,2,1,0,0,1,0,0,39,0.11,0,0,0,803,359,444,0,0,0.45,267.83
[00:07:30] ,player_stat,420.78,1,Team 2,Bramble,Ana,12,3,3,4400.95,574.04,3826.91,8018.29,2405.49,801.83,3444.22,0.00,2,4,3,3,2,0,0,2,0,0,60,0.11,0,0,0,1262,545,717,0,0,0.43,420.78
[00:07:30] ,player_stat,420.78,1,Team 2,Ember,Reinhardt,14,5,4,6355.53,828.98,5526.55,0.00,0.00,0.00,4973.89,5851.64,3,4,3,3,2,0,1,2,0,0,58,0.11,0,0,0,1262,524,738,0,0,0.42,420.78
[00:07:30] ,player_stat,420.78,1,Team 2,Halcyon,Torbjörn,6,3,4,3128.37,408.05,2720.32,85.90,25.77,8.59,2448.29,0.00,1,2,2,2,1,0,0,1,0,0,26,0.11,0,0,0,700,235,465,0,0,0.34,233.38
[00:07:30] ,player_stat,420.78,1,Team 2,Halcyon,Soldier: 76,4,2,3,2056.91,268.29,1788.62,56.48,16.94,5.65,1609.76,0.00,1,1,1,1,1,0,0,0,0,0,20,0.11,0,0,0,562,188,374,0,0,0.33,187.41
[00:07:30] ,player_stat,420.78,1,Team 1,Quill,Zenyatta,11,3,3,3969.11,517.71,3451.40,7231.51,2169.45,723.15,3106.26,0.00,2,3,3,3,1,0,0,1,0,0,55,0.11,0,0,0,1262,499,763,0,0,0.40,420.78
[00:07:30] ,round_start,420.78,2,0,3,0,0
[00:08:30] ,hero_swap,480.78,Team 1,Rook,Junker Queen,Roadhog,0
[00:08:00] ,****,450.78,Team 2,PikeOnAlt,Wuyang,Team 1,Quill,Zenyatta,Primary Fire,182.63,False,0
[00:08:20] ,****,470.78,Team 1,Lumen,Brigitte,Team 2,Ember,Reinhardt,Primary Fire,62.78,False,0
[00:08:40] ,kill,490.78,Team 1,Rook,Junker Queen,Team 2,Ember,Reinhardt,Primary Fire,138.22,False,0
[00:09:00] ,kill,510.78,Team 1,Quill,Zenyatta,Team 2,Vesper,Echo,Primary Fire,135.68,False,0
[00:09:20] ,****,530.78,Team 2,Bramble,Ana,Team 1,Lumen,Brigitte,Primary Fire,75.69,False,0
[00:09:40] ,kill,550.78,Team 1,Rook,Junker Queen,Team 2,Bramble,Ana,Primary Fire,21.14,False,0
[00:15:17] ,round_end,887.39,2,0,3,2,0,100,0,0
[00:15:17] ,player_stat,887.39,2,Team 2,Vesper,Echo,35,16,11,17302.93,2256.90,15046.02,475.14,142.54,47.51,13541.42,0.00,7,10,6,6,3,2,4,5,0,0,118,0.11,0,0,0,2662,1064,1598,0,0,0.40,887.39
[00:15:17] ,player_stat,887.39,2,Team 2,PikeOnAlt,Wuyang,20,5,8,7573.35,987.83,6585.52,13798.24,4139.47,1379.82,5926.97,0.00,4,6,6,6,2,1,1,3,0,0,115,0.11,0,0,0,2662,1043,1619,0,0,0.39,887.39
[00:15:17] ,player_stat,887.39,2,Team 1,Rook,Roadhog,29,10,8,12828.85,1673.33,11155.52,0.00,0.00,0.00,10039.97,11811.72,6,9,5,5,3,1,2,4,0,0,83,0.11,0,0,0,2047,753,1294,0,0,0.37,682.67
[00:15:17] ,player_stat,887.39,2,Team 1,Rook,Junker Queen,7,3,2,3248.76,423.75,2825.01,0.00,0.00,0.00,2542.51,2991.18,1,2,1,1,1,0,0,1,0,0,25,0.11,0,0,0,614,225,389,0,0,0.37,204.73
[00:15:17] ,player_stat,887.39,2,Team 1,Kestrel,Sojourn,61,28,7,30103.47,3926.54,26176.93,826.64,247.99,82.66,23559.23,0.00,12,18,6,6,5,4,7,10,0,0,133,0.11,0,0,0,2662,1203,1459,0,0,0.45,887.39
[00:15:17] ,player_stat,887.39,2,Team 1,Sorrel,Widowmaker,44,20,8,21610.38,2818.74,18791.63,593.42,178.03,59.34,16912.47,0.00,9,13,6,6,4,2,5,7,0,0,120,0.11,0,0,0,2662,1086,1576,0,0,0.41,887.39
[00:15:17] ,player_stat,887.39,2,Team 1,Lumen,Lúcio,5,1,1,2031.94,265.04,1766.91,3702.09,1110.63,370.21,1590.22,0.00,1,2,1,1,1,0,0,0,0,0,22,0.11,0,0,0,458,205,253,0,0,0.45,152.96
[00:15:17] ,player_stat,887.39,2,Team 1,Lumen,Brigitte,29,8,5,10613.40,1384.36,9229.04,19337.04,5801.11,1933.70,8306.14,0.00,6,9,5,5,3,1,2,4,0,0,109,0.11,0,0,0,2203,986,1217,0,0,0.45,734.43
[00:15:17] ,player_stat,887.39,2,Team 2,Bramble,Ana,24,7,7,8996.88,1173.51,7823.37,16391.82,4917.55,1639.18,7041.03,0.00,5,7,6,6,3,1,1,4,0,0,127,0.11,0,0,0,2662,1149,1513,0,0,0.43,887.39
[00:15:17] ,player_stat,887.39,2,Team 2,Ember,Reinhardt,37,14,7,16606.28,2166.04,14440.24,0.00,0.00,0.00,12996.22,15289.67,7,11,6,6,4,2,3,6,0,0,123,0.11,0,0,0,2662,1107,1555,0,0,0.42,887.39
[00:15:17] ,player_stat,887.39,2,Team 2,Halcyon,Torbjörn,6,3,4,3128.37,408.05,2720.32,85.90,25.77,8.59,2448.29,0.00,1,2,2,2,1,0,0,1,0,0,26,0.11,0,0,0,700,235,465,0,0,0.34,233.38
[00:15:17] ,player_stat,887.39,2,Team 2,Halcyon,Soldier: 76,17,8,10,8475.30,1105.47,7369.83,232.73,69.82,23.27,6632.85,0.00,3,5,5,4,2,1,2,2,0,0,73,0.11,0,0,0,1962,659,1303,0,0,0.34,654.01
[00:15:17] ,player_stat,887.39,2,Team 1,Quill,Zenyatta,21,6,6,7715.86,1006.42,6709.44,14057.88,4217.36,1405.79,6038.50,0.00,4,6,6,6,2,1,1,3,0,0,117,0.11,0,0,0,2662,1054,1608,0,0,0.40,887.39
[00:15:18] ,match_end,887.39,2,3,2
