[00:00:00] ,match_start,0,Eichenwalde,Hybrid,Team 1,Team 2
[00:00:30] ,round_start,0.00,1,0,0,0,0
[00:01:30] ,hero_swap,60.00,Team 2,Rook,D.Va,Mauga,0
[00:01:30] ,hero_swap,60.00,Team 1,Ember,Lúcio,Kiriko,0
[00:01:00] ,kill,30.00,Team 2,Juniper,Mercy,Team 1,Lumen,Brigitte,Primary Fire,30.74,False,0
[00:01:20] ,kill,50.00,Team 2,Juniper,Mercy,Team 1,Cobalt,Bastion,Primary Fire,23.24,False,0
[00:01:40] ,****,70.00,Team 2,Rook,D.Va,Team 1,Lumen,Brigitte,Primary Fire,76.01,False,0
[00:02:00] ,kill,90.00,Team 1,Kestrel,Genji,Team 2,Bramble,Ana,Primary Fire,26.32,False,0
[00:02:20] ,kill,110.00,Team 1,Kestrel,Genji,Team 2,Rook,D.Va,Primary Fire,180.45,False,0
[00:07:55] ,round_end,445.43,1,0,2,0,0,100,0,0
[00:07:55] ,player_stat,445.43,1,Team 2,Vesper,Pharah,19,9,4,9445.51,1232.02,8213.49,259.37,77.81,25.94,7392.14,0.00,4,6,3,3,2,1,2,3,0,0,59,0.11,0,0,0,1336,534,802,0,0,0.40,445.43
[00:07:55] ,player_stat,445.43,1,Team 2,Bramble,Ana,12,3,4,4457.11,581.36,3875.75,8120.61,2436.18,812.06,3488.17,0.00,2,4,3,3,2,0,0,2,0,0,64,0.11,0,0,0,1336,577,759,0,0,0.43,445.43
[00:07:55] ,player_stat,445.43,1,Team 2,Halcyon,Torbjörn,14,7,4,7133.26,930.43,6202.84,195.88,58.76,19.59,5582.55,0.00,3,4,3,3,2,0,1,2,0,0,49,0.11,0,0,0,1336,448,888,0,0,0.34,445.43
[00:07:55] ,player_stat,445.43,1,Team 1,Marrow,Reinhardt,22,8,3,9906.89,1292.20,8614.69,0.00,0.00,0.00,7753.22,9121.43,4,7,3,3,2,1,2,3,0,0,65,0.11,0,0,0,1336,593,743,0,0,0.44,445.43
[00:07:55] ,player_stat,445.43,1,Team 1,Cobalt,Bastion,16,7,4,8096.41,1056.05,7040.36,222.33,66.70,22.23,6336.32,0.00,3,5,3,3,2,1,1,2,0,0,51,0.11,0,0,0,1336,464,872,0,0,0.35,445.43
[00:07:55] ,player_stat,445.43,1,Team 1,Lumen,Brigitte,17,5,3,6288.04,820.18,5467.86,11456.47,3436.94,1145.65,4921.08,0.00,3,5,3,3,2,1,1,2,0,0,66,0.11,0,0,0,1336,598,738,0,0,0.45,445.43
[00:07:55] ,player_stat,445.43,1,Team 2,Rook,Mauga,7,3,4,3142.00,409.83,2732.17,0.00,0.00,0.00,2458.96,2892.89,1,2,2,2,1,0,0,1,0,0,37,0.11,0,0,0,906,333,573,0,0,0.37,302.00
[00:07:55] ,player_stat,445.43,1,Team 2,Rook,D.Va,5,2,2,2041.88,266.33,1775.55,0.00,0.00,0.00,1597.99,1879.99,1,2,1,1,1,0,0,0,0,0,17,0.11,0,0,0,430,158,272,0,0,0.37,143.43
[00:07:55] ,player_stat,445.43,1,Team 1,Ember,Kiriko,6,2,1,2318.81,302.45,2016.35,4224.74,1267.42,422.47,1814.72,0.00,1,2,2,2,1,0,0,1,0,0,33,0.11,0,0,0,793,301,492,0,0,0.38,264.51
[00:07:55] ,player_stat,445.43,1,Team 1,Ember,Lúcio,5,1,2,1925.32,251.13,1674.19,3507.83,1052.35,350.78,1506.77,0.00,1,2,1,1,1,0,0,0,0,0,22,0.11,0,0,0,542,205,337,0,0,0.38,180.92
[00:07:55] ,player_stat,445.43,1,Team 2,Juniper,Mercy,8,2,4,2846.40,371.27,2475.13,5185.99,1555.80,518.60,2227.62,0.00,2,2,3,3,1,0,0,1,0,0,57,0.11,0,0,0,1336,518,818,0,0,0.39,445.43
[00:07:55] ,player_stat,445.43,1,Team 1,Kestrel,Genji,24,11,4,11961.68,1560.22,10401.46,328.47,98.54,32.85,9361.32,0.00,5,7,3,3,3,1,2,4,0,0,67,0.11,0,0,0,1336,603,733,0,0,0.45,445.43
[00:07:55] ,round_start,445.43,2,0,2,0,0
[00:08:55] ,hero_swap,505.43,Team 1,Marrow,D.Va,Reinhardt,0
[00:08:55] ,hero_swap,505.43,Team 1,Kestrel,Sojourn,Genji,0
[00:08:25] ,****,475.43,Team 1,Cobalt,Bastion,Team 2,Juniper,Mercy,Primary Fire,142.68,False,0
[00:08:45] ,kill,495.43,Team 1,Cobalt,Bastion,Team 2,Juniper,Mercy,Primary Fire,105.06,False,0
[00:09:05] ,kill,515.43,Team 1,Lumen,Brigitte,Team 2,Juniper,Mercy,Primary Fire,93.49,False,0
[00:09:25] ,****,535.43,Team 1,Cobalt,Bastion,Team 2,Rook,D.Va,Primary Fire,156.27,False,0
[00:09:45] ,kill,555.43,Team 1,Lumen,Brigitte,Team 2,Juniper,Mercy,Primary Fire,69.57,False,0
[00:10:05] ,kill,575.43,Team 1,Ember,Lúcio,Team 2,Bramble,Ana,Primary Fire,173.25,False,0
[00:13:52] ,round_end,802.96,2,0,3,2,0,100,0,0
[00:13:52] ,player_stat,802.96,2,Team 2,Vesper,Pharah,26,12,8,12958.97,1690.30,11268.67,355.85,106.76,35.59,10141.80,0.00,5,8,6,5,3,1,3,4,0,0,107,0.11,0,0,0,2408,963,1445,0,0,0.40,802.96
[00:13:52] ,player_stat,802.96,2,Team 2,Bramble,Ana,18,5,6,6636.78,865.67,5771.11,12091.85,3627.56,1209.19,5194.00,0.00,4,5,6,5,2,1,1,3,0,0,115,0.11,0,0,0,2408,1040,1368,0,0,0.43,802.96
[00:13:52] ,player_stat,802.96,2,Team 2,Halcyon,Torbjörn,24,11,11,12143.23,1583.90,10559.33,333.45,100.04,33.35,9503.40,0.00,5,7,6,5,3,1,2,4,0,0,89,0.11,0,0,0,2408,809,1599,0,0,0.34,802.96
[00:13:52] ,player_stat,802.96,2,Team 1,Marrow,Reinhardt,34,12,4,15066.68,1965.22,13101.46,0.00,0.00,0.00,11791.31,13872.13,7,10,5,4,3,2,3,5,0,0,95,0.11,0,0,0,1936,859,1077,0,0,0.44,645.48
[00:13:52] ,player_stat,802.96,2,Team 1,Marrow,D.Va,6,2,1,2644.03,344.87,2299.15,0.00,0.00,0.00,2069.24,2434.40,1,2,1,1,1,0,0,1,0,0,23,0.11,0,0,0,472,209,263,0,0,0.44,157.49
[00:13:52] ,player_stat,802.96,2,Team 1,Cobalt,Bastion,28,13,7,13889.40,1811.66,12077.74,381.40,114.42,38.14,10869.96,0.00,6,8,6,5,3,1,3,4,0,0,93,0.11,0,0,0,2408,837,1571,0,0,0.35,802.96
[00:13:52] ,player_stat,802.96,2,Team 1,Lumen,Brigitte,25,7,4,9425.54,1229.42,8196.12,17172.82,5151.85,1717.28,7376.51,0.00,5,8,6,5,3,1,1,4,0,0,119,0.11,0,0,0,2408,1078,1330,0,0,0.45,802.96
[00:13:52] ,player_stat,802.96,2,Team 2,Rook,Mauga,7,3,4,3142.00,409.83,2732.17,0.00,0.00,0.00,2458.96,2892.89,1,2,2,2,1,0,0,1,0,0,37,0.11,0,0,0,906,333,573,0,0,0.37,302.00
[00:13:52] ,player_stat,802.96,2,Team 2,Rook,D.Va,15,6,6,6855.42,894.19,5961.24,0.00,0.00,0.00,5365.11,6311.90,3,4,4,3,2,1,1,2,0,0,61,0.11,0,0,0,1502,552,950,0,0,0.37,500.96
[00:13:52] ,player_stat,802.96,2,Team 1,Ember,Kiriko,6,2,1,2318.81,302.45,2016.35,4224.74,1267.42,422.47,1814.72,0.00,1,2,2,2,1,0,0,1,0,0,33,0.11,0,0,0,793,301,492,0,0,0.38,264.51
[00:13:52] ,player_stat,802.96,2,Team 1,Ember,Lúcio,14,4,4,5292.19,690.29,4601.90,9642.08,2892.62,964.21,4141.71,0.00,3,4,4,4,2,0,1,2,0,0,68,0.11,0,0,0,1615,613,1002,0,0,0.38,538.45
[00:13:52] ,player_stat,802.96,2,Team 2,Juniper,Mercy,16,4,8,5813.40,758.27,5055.13,10591.70,3177.51,1059.17,4549.62,0.00,3,5,6,5,2,1,1,2,0,0,103,0.11,0,0,0,2408,934,1474,0,0,0.39,802.96
[00:13:52] ,player_stat,802.96,2,Team 1,Kestrel,Genji,34,16,6,16953.55,2211.33,14742.22,465.54,139.66,46.55,13268.00,0.00,7,10,5,4,3,2,4,5,0,0,99,0.11,0,0,0,1991,899,1092,0,0,0.45,663.82
[00:13:52] ,player_stat,802.96,2,Team 1,Kestrel,Sojourn,7,3,2,3598.57,469.38,3129.19,98.82,29.64,9.88,2816.27,0.00,1,2,1,1,1,0,0,1,0,0,20,0.11,0,0,0,417,188,229,0,0,0.45,139.14
[00:13:53] ,match_end,802.96,2,3,2
