[00:00:00] ,match_start,0,Busan,Control,Team 1,Team 2
[00:00:30] ,round_start,0.00,1,0,0,0,0
[00:01:30] ,hero_swap,60.00,Team 2,Vesper,Echo,Pharah,0
[00:01:00] ,kill,30.00,Team 1,Marrow,Winston,Team 2,Cobalt,Mercy,Primary Fire,44.19,False,0
[00:01:20] ,kill,50.00,Team 1,Marrow,Winston,Team 2,Ember,Reaper,Primary Fire,50.22,False,0
[00:01:40] ,****,70.00,Team 1,Pike,Moira,Team 2,Rook,Mauga,Primary Fire,186.74,False,0
[00:02:00] ,kill,90.00,Team 2,Vesper,Echo,Team 1,Marrow,Winston,Primary Fire,134.63,False,0
[00:02:20] ,****,110.00,Team 1,Wren,Sombra,Team 2,Lumen,Kiriko,Primary Fire,176.51,False,0
[00:02:40] ,****,130.00,Team 2,Rook,Mauga,Team 1,Sorrel,Freja,Primary Fire,108.85,False,0
[00:04:41] ,round_end,251.70,1,0,1,0,0,100,0,0
[00:04:41] ,player_stat,251.70,1,Team 1,Sorrel,Freja,11,5,2,5580.25,727.86,4852.40,153.23,45.97,15.32,4367.16,0.00,2,3,2,2,1,0,1,1,0,0,34,0.11,0,0,0,755,308,447,0,0,0.41,251.70
[00:04:41] ,player_stat,251.70,1,Team 1,Marrow,Winston,9,3,2,4205.95,548.60,3657.35,0.00,0.00,0.00,3291.61,3872.49,2,3,2,2,1,0,0,1,0,0,37,0.11,0,0,0,755,335,420,0,0,0.44,251.70
[00:04:41] ,player_stat,251.70,1,Team 1,Wren,Sombra,9,4,2,4362.73,569.05,3793.68,119.80,35.94,11.98,3414.31,0.00,2,3,2,2,1,0,1,1,0,0,32,0.11,0,0,0,755,292,463,0,0,0.39,251.70
[00:04:41] ,player_stat,251.70,1,Team 2,Lumen,Kiriko,5,1,1,1922.31,250.74,1671.57,3502.34,1050.70,350.23,1504.41,0.00,1,2,2,2,1,0,0,0,0,0,37,0.11,0,0,0,755,338,417,0,0,0.45,251.70
[00:04:41] ,player_stat,251.70,1,Team 2,Vesper,Pharah,3,1,1,1526.64,199.13,1327.52,41.92,12.58,4.19,1194.77,0.00,1,1,1,1,1,0,0,0,0,0,11,0.11,0,0,0,266,106,160,0,0,0.40,88.93
[00:04:41] ,player_stat,251.70,1,Team 2,Vesper,Echo,4,2,1,1845.05,240.66,1604.39,50.67,15.20,5.07,1443.95,0.00,1,1,1,1,1,0,0,0,0,0,21,0.11,0,0,0,488,195,293,0,0,0.40,162.77
[00:04:41] ,player_stat,251.70,1,Team 2,Ember,Reaper,7,3,4,3640.31,474.82,3165.49,99.96,29.99,10.00,2848.94,0.00,1,2,2,2,1,0,0,1,0,0,33,0.11,0,0,0,755,305,450,0,0,0.40,251.70
[00:04:41] ,player_stat,251.70,1,Team 1,Pike,Moira,7,2,2,2698.03,351.92,2346.11,4915.66,1474.70,491.57,2111.50,0.00,1,2,2,2,1,0,0,1,0,0,32,0.11,0,0,0,755,295,460,0,0,0.39,251.70
[00:04:41] ,player_stat,251.70,1,Team 2,Rook,Mauga,10,4,2,4343.39,566.53,3776.86,0.00,0.00,0.00,3399.17,3999.03,2,3,2,2,1,0,1,1,0,0,30,0.11,0,0,0,755,277,478,0,0,0.37,251.70
[00:04:41] ,player_stat,251.70,1,Team 1,Bramble,Ana,9,2,1,3252.93,424.29,2828.63,5926.66,1778.00,592.67,2545.77,0.00,2,3,2,2,1,0,0,1,0,0,36,0.11,0,0,0,755,326,429,0,0,0.43,251.70
[00:04:41] ,player_stat,251.70,1,Team 2,Cobalt,Mercy,4,1,3,1555.77,202.93,1352.85,2834.53,850.36,283.45,1217.56,0.00,1,1,2,2,1,0,0,0,0,0,28,0.11,0,0,0,755,259,496,0,0,0.34,251.70
[00:04:41] ,round_start,251.70,2,0,1,0,0
[00:05:11] ,****,281.70,Team 1,Bramble,Ana,Team 2,Rook,Mauga,Primary Fire,115.54,False,0
[00:05:31] ,kill,301.70,Team 1,Bramble,Ana,Team 2,Ember,Reaper,Primary Fire,23.75,False,0
[00:05:51] ,kill,321.70,Team 1,Bramble,Ana,Team 2,Lumen,Kiriko,Primary Fire,165.67,False,0
[00:06:11] ,kill,341.70,Team 2,Rook,Mauga,Team 1,Marrow,Winston,Primary Fire,131.77,False,0
[00:06:31] ,kill,361.70,Team 2,Cobalt,Mercy,Team 1,Sorrel,Freja,Primary Fire,165.14,False,0
[00:08:36] ,round_end,486.80,2,0,2,0,0,100,0,0
[00:08:36] ,player_stat,486.80,2,Team 1,Sorrel,Freja,23,11,5,11583.84,1510.94,10072.91,318.09,95.43,31.81,9065.62,0.00,5,7,3,3,2,1,2,3,0,0,66,0.11,0,0,0,1460,595,865,0,0,0.41,486.80
[00:08:36] ,player_stat,486.80,2,Team 1,Marrow,Winston,19,7,3,8306.55,1083.46,7223.08,0.00,0.00,0.00,6500.78,7647.97,4,6,3,3,2,1,1,3,0,0,72,0.11,0,0,0,1460,648,812,0,0,0.44,486.80
[00:08:36] ,player_stat,486.80,2,Team 1,Wren,Sombra,16,7,4,8041.49,1048.89,6992.60,220.82,66.25,22.08,6293.34,0.00,3,5,3,3,2,1,1,2,0,0,62,0.11,0,0,0,1460,566,894,0,0,0.39,486.80
[00:08:36] ,player_stat,486.80,2,Team 2,Lumen,Kiriko,13,3,2,4805.22,626.77,4178.45,8754.84,2626.45,875.48,3760.60,0.00,3,4,3,3,2,0,0,2,0,0,72,0.11,0,0,0,1460,654,806,0,0,0.45,486.80
[00:08:36] ,player_stat,486.80,2,Team 2,Vesper,Pharah,3,1,1,1526.64,199.13,1327.52,41.92,12.58,4.19,1194.77,0.00,1,1,1,1,1,0,0,0,0,0,11,0.11,0,0,0,266,106,160,0,0,0.40,88.93
[00:08:36] ,player_stat,486.80,2,Team 2,Vesper,Echo,10,5,5,5040.70,657.48,4383.21,138.42,41.53,13.84,3944.89,0.00,2,3,3,3,1,0,1,1,0,0,53,0.11,0,0,0,1193,477,716,0,0,0.40,397.87
[00:08:36] ,player_stat,486.80,2,Team 2,Ember,Reaper,14,6,7,6774.61,883.64,5890.96,186.03,55.81,18.60,5301.87,0.00,3,4,3,3,2,0,1,2,0,0,65,0.11,0,0,0,1460,589,871,0,0,0.40,486.80
[00:08:36] ,player_stat,486.80,2,Team 1,Pike,Moira,13,3,4,4714.67,614.96,4099.71,8589.87,2576.96,858.99,3689.74,0.00,3,4,3,3,2,0,0,2,0,0,63,0.11,0,0,0,1460,572,888,0,0,0.39,486.80
[00:08:36] ,player_stat,486.80,2,Team 2,Rook,Mauga,15,5,5,6444.33,840.56,5603.77,0.00,0.00,0.00,5043.39,5933.40,3,4,3,3,2,1,1,2,0,0,59,0.11,0,0,0,1460,537,923,0,0,0.37,486.80
[00:08:36] ,player_stat,486.80,2,Team 1,Bramble,Ana,18,5,2,6688.48,872.41,5816.07,12186.04,3655.81,1218.60,5234.46,0.00,4,5,3,3,2,1,1,3,0,0,70,0.11,0,0,0,1460,630,830,0,0,0.43,486.80
[00:08:36] ,player_stat,486.80,2,Team 2,Cobalt,Mercy,9,2,6,3379.73,440.83,2938.90,6157.69,1847.31,615.77,2645.01,0.00,2,3,3,3,1,0,0,1,0,0,55,0.11,0,0,0,1460,502,958,0,0,0.34,486.80
[00:08:37] ,match_end,486.80,2,2,0
