[00:00:00] ,match_start,0,Midtown,Hybrid,Team 1,Team 2
[00:00:30] ,round_start,0.00,1,0,0,0,0
[00:01:30] ,hero_swap,60.00,Team 2,Lumen,Illari,Brigitte,0
[00:01:00] ,kill,30.00,Team 2,Quill,Ashe,Team 1,Ember,Ramattra,Primary Fire,103.61,False,0
[00:01:20] ,kill,50.00,Team 2,Lumen,Illari,Team 1,Vesper,Echo,Primary Fire,139.76,False,0
[00:01:40] ,kill,70.00,Team 2,Quill,Ashe,Team 1,Ember,Ramattra,Primary Fire,56.25,False,0
[00:02:00] ,****,90.00,Team 1,Ember,Ramattra,Team 2,Rook,Roadhog,Primary Fire,127.13,False,0
[00:07:15] ,round_end,405.12,1,0,0,3,0,100,0,0
[00:07:15] ,player_stat,405.12,1,Team 1,PikeOnAlt,Moira,10,3,3,3705.28,483.30,3221.98,6750.82,2025.24,675.08,2899.78,0.00,2,3,3,3,1,0,0,1,0,0,52,0.11,0,0,0,1215,476,739,0,0,0.39,405.12
[00:07:15] ,player_stat,405.12,1,Team 2,Wren,Venture,18,8,3,8726.30,1138.21,7588.09,239.62,71.89,23.96,6829.28,0.00,4,5,3,3,2,1,2,3,0,0,52,0.11,0,0,0,1215,471,744,0,0,0.39,405.12
[00:07:15] ,player_stat,405.12,1,Team 1,Vesper,Echo,16,7,3,7862.65,1025.56,6837.08,215.91,64.77,21.59,6153.38,0.00,3,5,3,3,2,1,1,2,0,0,54,0.11,0,0,0,1215,486,729,0,0,0.40,405.12
[00:07:15] ,player_stat,405.12,1,Team 1,Ember,Ramattra,16,6,4,6994.41,912.31,6082.10,0.00,0.00,0.00,5473.89,6439.87,3,5,3,3,2,1,1,2,0,0,56,0.11,0,0,0,1215,505,710,0,0,0.42,405.12
[00:07:15] ,player_stat,405.12,1,Team 2,Lumen,Brigitte,4,1,1,1583.59,206.55,1377.03,2885.21,865.56,288.52,1239.33,0.00,1,1,1,1,1,0,0,0,0,0,22,0.11,0,0,0,443,198,245,0,0,0.45,147.72
[00:07:15] ,player_stat,405.12,1,Team 2,Lumen,Illari,7,2,2,2430.10,316.97,2113.13,4427.51,1328.25,442.75,1901.82,0.00,1,2,2,2,1,0,0,1,0,0,38,0.11,0,0,0,772,345,427,0,0,0.45,257.40
[00:07:15] ,player_stat,405.12,1,Team 1,Juniper,Mizuki,9,2,5,3425.86,446.85,2979.01,6241.73,1872.52,624.17,2681.11,0.00,2,3,3,3,1,0,0,1,0,0,52,0.11,0,0,0,1215,471,744,0,0,0.39,405.12
[00:07:15] ,player_stat,405.12,1,Team 1,Halcyon,Anran,12,5,4,5972.68,779.05,5193.63,164.01,49.20,16.40,4674.27,0.00,2,4,3,3,2,0,1,2,0,0,45,0.11,0,0,0,1215,408,807,0,0,0.34,405.12
[00:07:15] ,player_stat,405.12,1,Team 2,Quill,Ashe,29,13,2,14291.71,1864.14,12427.57,392.45,117.73,39.24,11184.81,0.00,6,9,3,3,3,1,3,4,0,0,57,0.11,0,0,0,1215,515,700,0,0,0.42,405.12
[00:07:15] ,player_stat,405.12,1,Team 2,Rook,Roadhog,17,6,4,7386.16,963.41,6422.74,0.00,0.00,0.00,5780.47,6800.55,3,5,3,3,2,1,1,2,0,0,49,0.11,0,0,0,1215,447,768,0,0,0.37,405.12
[00:07:15] ,player_stat,405.12,1,Team 2,Tidal,Lúcio,17,4,3,6171.23,804.94,5366.28,11243.64,3373.09,1124.36,4829.65,0.00,3,5,3,3,2,1,1,2,0,0,56,0.11,0,0,0,1215,505,710,0,0,0.42,405.12
[00:07:15] ,round_start,405.12,2,0,0,3,0
[00:08:15] ,hero_swap,465.12,Team 1,Vesper,Junkrat,Echo,0
[00:07:45] ,****,435.12,Team 1,Vesper,Junkrat,Team 2,Lumen,Illari,Primary Fire,117.20,False,0
[00:08:05] ,kill,455.12,Team 2,Wren,Venture,Team 1,Juniper,Mizuki,Primary Fire,178.70,False,0
[00:08:25] ,kill,475.12,Team 1,Ember,Ramattra,Team 2,Wren,Venture,Primary Fire,186.73,False,0
[00:08:45] ,kill,495.12,Team 2,Tidal,Lúcio,Team 1,Juniper,Mizuki,Primary Fire,168.60,False,0
[00:09:05] ,kill,515.12,Team 1,Ember,Ramattra,Team 2,Tidal,Lúcio,Primary Fire,183.53,False,0
[00:09:25] ,kill,535.12,Team 2,Tidal,Lúcio,Team 1,Vesper,Junkrat,Primary Fire,99.64,False,0
[00:14:54] ,round_end,864.81,2,0,2,3,0,100,0,0
[00:14:54] ,player_stat,864.81,2,Team 1,PikeOnAlt,Moira,24,6,8,8893.43,1160.01,7733.42,16203.36,4861.01,1620.34,6960.08,0.00,5,7,6,6,3,1,1,4,0,0,112,0.11,0,0,0,2594,1016,1578,0,0,0.39,864.81
[00:14:54] ,player_stat,864.81,2,Team 2,Wren,Venture,41,19,7,20392.41,2659.88,17732.53,559.97,167.99,56.00,15959.28,0.00,8,12,6,6,4,2,4,6,0,0,111,0.11,0,0,0,2594,1006,1588,0,0,0.39,864.81
[00:14:54] ,player_stat,864.81,2,Team 1,Vesper,Echo,22,10,4,10851.88,1415.46,9436.42,297.99,89.40,29.80,8492.78,0.00,4,7,4,4,2,1,2,3,0,0,76,0.11,0,0,0,1710,684,1026,0,0,0.40,570.23
[00:14:54] ,player_stat,864.81,2,Team 1,Vesper,Junkrat,12,6,4,6157.17,803.11,5354.06,169.08,50.72,16.91,4818.66,0.00,2,4,2,2,2,0,1,2,0,0,39,0.11,0,0,0,883,353,530,0,0,0.40,294.58
[00:14:54] ,player_stat,864.81,2,Team 1,Ember,Ramattra,37,13,8,16397.50,2138.80,14258.69,0.00,0.00,0.00,12832.82,15097.44,7,11,6,6,4,2,3,6,0,0,119,0.11,0,0,0,2594,1079,1515,0,0,0.42,864.81
[00:14:54] ,player_stat,864.81,2,Team 2,Lumen,Brigitte,4,1,1,1583.59,206.55,1377.03,2885.21,865.56,288.52,1239.33,0.00,1,1,1,1,1,0,0,0,0,0,22,0.11,0,0,0,443,198,245,0,0,0.45,147.72
[00:14:54] ,player_stat,864.81,2,Team 2,Lumen,Illari,28,7,4,10273.68,1340.05,8933.63,18718.09,5615.43,1871.81,8040.27,0.00,6,8,5,5,3,1,1,4,0,0,107,0.11,0,0,0,2151,963,1188,0,0,0.45,717.08
[00:14:54] ,player_stat,864.81,2,Team 1,Juniper,Mizuki,19,5,10,6910.23,901.33,6008.89,12590.06,3777.02,1259.01,5408.00,0.00,4,6,6,6,2,1,1,3,0,0,111,0.11,0,0,0,2594,1006,1588,0,0,0.39,864.81
[00:14:54] ,player_stat,864.81,2,Team 1,Halcyon,Anran,25,12,11,12626.67,1646.96,10979.72,346.73,104.02,34.67,9881.74,0.00,5,8,6,6,3,1,3,4,0,0,96,0.11,0,0,0,2594,871,1723,0,0,0.34,864.81
[00:14:54] ,player_stat,864.81,2,Team 2,Quill,Ashe,47,21,6,23410.11,3053.49,20356.62,642.84,192.85,64.28,18320.96,0.00,9,14,6,6,4,3,5,7,0,0,122,0.11,0,0,0,2594,1099,1495,0,0,0.42,864.81
[00:14:54] ,player_stat,864.81,2,Team 2,Rook,Roadhog,39,14,8,17497.06,2282.23,15214.84,0.00,0.00,0.00,13693.35,16109.83,8,12,6,6,4,2,3,6,0,0,106,0.11,0,0,0,2594,954,1640,0,0,0.37,864.81
[00:14:54] ,player_stat,864.81,2,Team 2,Tidal,Lúcio,27,7,6,9959.74,1299.10,8660.64,18146.11,5443.83,1814.61,7794.58,0.00,5,8,6,6,3,1,1,4,0,0,119,0.11,0,0,0,2594,1079,1515,0,0,0.42,864.81
[00:14:55] ,match_end,864.81,2,2,3
