[00:00:00] ,match_start,0,Ilios,Control,Team 1,Team 2
[00:00:30] ,round_start,0.00,1,0,0,0,0
[00:01:30] ,hero_swap,60.00,Team 1,Quill,Shion,Cassidy,0
[00:01:00] ,****,30.00,Team 1,Quill,Shion,Team 2,Kestrel,Sojourn,Primary Fire,165.68,False,0
[00:01:20] ,****,50.00,Team 1,Pike,Orisa,Team 2,Bramble,Jetpack Cat,Primary Fire,154.25,False,0
[00:01:40] ,kill,70.00,Team 1,Quill,Shion,Team 2,Halcyon,Torbjörn,Primary Fire,109.67,False,0
[00:02:00] ,kill,90.00,Team 1,Quill,Shion,Team 2,Kestrel,Sojourn,Primary Fire,115.26,False,0
[00:02:20] ,****,110.00,Team 2,Kestrel,Sojourn,Team 1,Pike,Orisa,Primary Fire,64.72,False,0
[00:04:12] ,round_end,222.01,1,0,1,0,0,100,0,0
[00:04:12] ,player_stat,222.01,1,Team 1,Lumen,Brigitte,6,2,1,2344.74,305.84,2038.91,4272.00,1281.60,427.20,1835.02,0.00,1,2,2,1,1,0,0,1,0,0,33,0.11,0,0,0,666,298,368,0,0,0.45,222.01
[00:04:12] ,player_stat,222.01,1,Team 1,Quill,Cassidy,5,2,1,2575.16,335.89,2239.27,70.71,21.21,7.07,2015.35,0.00,1,2,1,1,1,0,0,0,0,0,15,0.11,0,0,0,319,135,184,0,0,0.42,106.64
[00:04:12] ,player_stat,222.01,1,Team 1,Quill,Shion,6,3,1,2738.39,357.18,2381.21,75.20,22.56,7.52,2143.09,0.00,1,2,1,1,1,0,0,1,0,0,16,0.11,0,0,0,346,146,200,0,0,0.42,115.37
[00:04:12] ,player_stat,222.01,1,Team 2,Rook,Roadhog,8,3,3,3645.10,475.45,3169.65,0.00,0.00,0.00,2852.69,3356.10,2,2,2,1,1,0,0,1,0,0,27,0.11,0,0,0,666,245,421,0,0,0.37,222.01
[00:04:12] ,player_stat,222.01,1,Team 2,Bramble,Jetpack Cat,5,1,2,1910.53,249.20,1661.33,3480.89,1044.27,348.09,1495.20,0.00,1,2,2,1,1,0,0,0,0,0,31,0.11,0,0,0,666,287,379,0,0,0.43,222.01
[00:04:12] ,player_stat,222.01,1,Team 1,Pike,Orisa,10,4,2,4612.68,601.65,4011.03,0.00,0.00,0.00,3609.93,4246.97,2,3,2,1,1,0,1,1,0,0,31,0.11,0,0,0,666,279,387,0,0,0.42,222.01
[00:04:12] ,player_stat,222.01,1,Team 2,Halcyon,Torbjörn,5,2,3,2586.03,337.31,2248.72,71.01,21.30,7.10,2023.85,0.00,1,2,2,1,1,0,0,0,0,0,24,0.11,0,0,0,666,223,443,0,0,0.33,222.01
[00:04:12] ,player_stat,222.01,1,Team 2,Juniper,Illari,5,1,2,1824.63,238.00,1586.64,3324.39,997.32,332.44,1427.97,0.00,1,2,2,1,1,0,0,0,0,0,28,0.11,0,0,0,666,258,408,0,0,0.39,222.01
[00:04:12] ,player_stat,222.01,1,Team 2,Kestrel,Sojourn,9,4,2,4544.66,592.78,3951.87,124.80,37.44,12.48,3556.69,0.00,2,3,2,1,1,0,1,1,0,0,33,0.11,0,0,0,666,301,365,0,0,0.45,222.01
[00:04:12] ,player_stat,222.01,1,Team 1,Sorrel,Hanzo,12,6,2,6047.17,788.76,5258.41,166.05,49.82,16.61,4732.57,0.00,2,4,2,1,2,0,1,2,0,0,30,0.11,0,0,0,666,271,395,0,0,0.41,222.01
[00:04:12] ,player_stat,222.01,1,Team 1,Tidal,Wuyang,6,2,2,2340.60,305.30,2035.31,4264.46,1279.34,426.45,1831.78,0.00,1,2,2,1,1,0,0,1,0,0,30,0.11,0,0,0,666,277,389,0,0,0.42,222.01
[00:04:12] ,round_start,222.01,2,0,1,0,0
[00:05:12] ,hero_swap,282.01,Team 1,Tidal,Lúcio,Wuyang,0
[00:04:42] ,****,252.01,Team 2,Rook,Roadhog,Team 1,Pike,Orisa,Primary Fire,114.40,False,0
[00:05:02] ,****,272.01,Team 1,Lumen,Brigitte,Team 2,Halcyon,Torbjörn,Primary Fire,128.19,False,0
[00:05:22] ,****,292.01,Team 1,Quill,Shion,Team 2,Bramble,Jetpack Cat,Primary Fire,76.94,False,0
[00:05:42] ,kill,312.01,Team 2,Kestrel,Sojourn,Team 1,Lumen,Brigitte,Primary Fire,118.46,False,0
[00:06:02] ,****,332.01,Team 1,Lumen,Brigitte,Team 2,Halcyon,Torbjörn,Primary Fire,54.94,False,0
[00:06:22] ,****,352.01,Team 2,Bramble,Jetpack Cat,Team 1,Pike,Orisa,Primary Fire,140.12,False,0
[00:07:53] ,round_end,443.97,2,0,2,0,0,100,0,0
[00:07:53] ,player_stat,443.97,2,Team 1,Lumen,Brigitte,16,4,2,6020.35,785.26,5235.08,10968.75,3290.62,1096.87,4711.58,0.00,3,5,3,3,2,1,1,2,0,0,66,0.11,0,0,0,1331,596,735,0,0,0.45,443.97
[00:07:53] ,player_stat,443.97,2,Team 1,Quill,Cassidy,5,2,1,2575.16,335.89,2239.27,70.71,21.21,7.07,2015.35,0.00,1,2,1,1,1,0,0,0,0,0,15,0.11,0,0,0,319,135,184,0,0,0.42,106.64
[00:07:53] ,player_stat,443.97,2,Team 1,Quill,Shion,17,8,3,8324.66,1085.83,7238.84,228.59,68.58,22.86,6514.95,0.00,3,5,2,2,2,1,2,2,0,0,47,0.11,0,0,0,1012,429,583,0,0,0.42,337.33
[00:07:53] ,player_stat,443.97,2,Team 2,Rook,Roadhog,17,6,5,7362.50,960.33,6402.18,0.00,0.00,0.00,5761.96,6778.77,3,5,3,3,2,1,1,2,0,0,54,0.11,0,0,0,1331,489,842,0,0,0.37,443.97
[00:07:53] ,player_stat,443.97,2,Team 2,Bramble,Jetpack Cat,12,3,4,4404.50,574.50,3830.00,8024.76,2407.43,802.48,3447.00,0.00,2,4,3,3,2,0,0,2,0,0,63,0.11,0,0,0,1331,574,757,0,0,0.43,443.97
[00:07:53] ,player_stat,443.97,2,Team 1,Pike,Orisa,23,8,3,10126.88,1320.90,8805.99,0.00,0.00,0.00,7925.39,9323.99,5,7,3,3,2,1,2,3,0,0,62,0.11,0,0,0,1331,559,772,0,0,0.42,443.97
[00:07:53] ,player_stat,443.97,2,Team 2,Halcyon,Torbjörn,11,5,6,5649.34,736.87,4912.47,155.13,46.54,15.51,4421.22,0.00,2,3,3,3,1,0,1,1,0,0,49,0.11,0,0,0,1331,447,884,0,0,0.34,443.97
[00:07:53] ,player_stat,443.97,2,Team 2,Juniper,Illari,8,2,4,3130.20,408.29,2721.91,5703.06,1710.92,570.31,2449.72,0.00,2,2,3,3,1,0,0,1,0,0,57,0.11,0,0,0,1331,516,815,0,0,0.39,443.97
[00:07:53] ,player_stat,443.97,2,Team 2,Kestrel,Sojourn,19,9,4,9471.74,1235.44,8236.30,260.09,78.03,26.01,7412.67,0.00,4,6,3,3,2,1,2,3,0,0,66,0.11,0,0,0,1331,601,730,0,0,0.45,443.97
[00:07:53] ,player_stat,443.97,2,Team 1,Sorrel,Hanzo,20,9,4,10033.45,1308.71,8724.73,275.52,82.66,27.55,7852.26,0.00,4,6,3,3,2,1,2,3,0,0,60,0.11,0,0,0,1331,543,788,0,0,0.41,443.97
[00:07:53] ,player_stat,443.97,2,Team 1,Tidal,Wuyang,11,3,2,3925.66,512.04,3413.62,7152.34,2145.70,715.23,3072.25,0.00,2,3,2,2,1,0,0,1,0,0,47,0.11,0,0,0,1017,423,594,0,0,0.42,339.15
[00:07:53] ,player_stat,443.97,2,Team 1,Tidal,Lúcio,4,1,1,1374.11,179.23,1194.88,2503.56,751.07,250.36,1075.39,0.00,1,1,1,1,1,0,0,0,0,0,14,0.11,0,0,0,314,130,184,0,0,0.41,104.82
[00:07:54] ,match_end,443.97,2,2,0
