[00:00:00] ,match_start,0,Suravasa,Flashpoint,Team 1,Team 2
[00:00:30] ,round_start,0.00,1,0,0,0,0
[00:01:30] ,hero_swap,60.00,Team 1,Marrow,Winston,D.Va,0
[00:01:00] ,****,30.00,Team 2,Kestrel,Sierra,Team 1,Pike,Lifeweaver,Primary Fire,92.25,False,0
[00:01:20] ,kill,50.00,Team 2,Halcyon,Soldier: 76,Team 1,Marrow,Winston,Primary Fire,57.89,False,0
[00:01:40] ,****,70.00,Team 1,Wren,Juno,Team 2,Quill,Zenyatta,Primary Fire,108.18,False,0
[00:02:00] ,****,90.00,Team 2,Lumen,Brigitte,Team 1,Marrow,Winston,Primary Fire,70.40,False,0
[00:07:36] ,round_end,426.89,1,0,0,1,0,100,0,0
[00:07:36] ,player_stat,426.89,1,Team 2,Rook,Mauga,17,6,3,7497.44,977.93,6519.51,0.00,0.00,0.00,5867.56,6903.01,3,5,3,3,2,1,1,2,0,0,52,0.11,0,0,0,1280,471,809,0,0,0.37,426.89
[00:07:36] ,player_stat,426.89,1,Team 2,Kestrel,Sierra,21,9,3,10346.56,1349.55,8997.01,284.12,85.23,28.41,8097.31,0.00,4,6,3,3,2,1,2,3,0,0,64,0.11,0,0,0,1280,578,702,0,0,0.45,426.89
[00:07:36] ,player_stat,426.89,1,Team 1,Cobalt,Bastion,12,5,5,5762.58,751.64,5010.94,158.24,47.47,15.82,4509.84,0.00,2,4,3,3,2,0,1,2,0,0,49,0.11,0,0,0,1280,445,835,0,0,0.35,426.89
[00:07:36] ,player_stat,426.89,1,Team 2,Lumen,Brigitte,13,4,2,4852.66,632.96,4219.70,8841.29,2652.39,884.13,3797.73,0.00,3,4,3,3,2,0,1,2,0,0,63,0.11,0,0,0,1280,573,707,0,0,0.45,426.89
[00:07:36] ,player_stat,426.89,1,Team 1,Marrow,D.Va,5,2,1,2341.48,305.41,2036.07,0.00,0.00,0.00,1832.46,2155.84,1,2,1,1,1,0,0,0,0,0,22,0.11,0,0,0,466,206,260,0,0,0.44,155.41
[00:07:36] ,player_stat,426.89,1,Team 1,Marrow,Winston,15,6,2,6832.86,891.24,5941.62,0.00,0.00,0.00,5347.46,6291.12,3,4,2,2,2,1,1,2,0,0,40,0.11,0,0,0,814,361,453,0,0,0.44,271.48
[00:07:36] ,player_stat,426.89,1,Team 2,Halcyon,Soldier: 76,14,6,4,6706.01,874.70,5831.31,184.15,55.24,18.41,5248.18,0.00,3,4,3,3,2,0,1,2,0,0,47,0.11,0,0,0,1280,430,850,0,0,0.34,426.89
[00:07:36] ,player_stat,426.89,1,Team 1,Pike,Lifeweaver,8,2,4,2971.76,387.62,2584.14,5414.39,1624.32,541.44,2325.73,0.00,2,2,3,3,1,0,0,1,0,0,55,0.11,0,0,0,1280,501,779,0,0,0.39,426.89
[00:07:36] ,player_stat,426.89,1,Team 2,Quill,Zenyatta,10,3,3,3744.66,488.43,3256.23,6822.57,2046.77,682.26,2930.60,0.00,2,3,3,3,1,0,0,1,0,0,56,0.11,0,0,0,1280,506,774,0,0,0.40,426.89
[00:07:36] ,player_stat,426.89,1,Team 1,Vesper,Junkrat,15,7,5,7474.74,974.97,6499.78,205.26,61.58,20.53,5849.80,0.00,3,4,3,3,2,1,1,2,0,0,56,0.11,0,0,0,1280,512,768,0,0,0.40,426.89
[00:07:36] ,player_stat,426.89,1,Team 1,Wren,Juno,8,2,3,3023.61,394.38,2629.23,5508.86,1652.66,550.89,2366.31,0.00,2,2,3,3,1,0,0,1,0,0,57,0.11,0,0,0,1280,517,763,0,0,0.40,426.89
[00:07:37] ,match_end,426.89,1,0,1
