[00:00:00] ,match_start,0,Busan,Control,Team 1,Team 2
[00:00:30] ,round_start,0.00,1,0,0,0,0
[00:01:00] ,kill,30.00,Team 2,Wren,Juno,Team 1,Quill,Ashe,Primary Fire,141.90,False,0
[00:01:20] ,kill,50.00,Team 1,Vesper,Pharah,Team 2,Juniper,Illari,Primary Fire,137.16,False,0
[00:01:40] ,kill,70.00,Team 1,Vesper,Pharah,Team 2,Marrow,D.Va,Primary Fire,165.18,False,0
[00:02:00] ,kill,90.00,Team 1,Quill,Ashe,Team 2,Kestrel,Genji,Primary Fire,23.57,False,0
[00:02:20] ,****,110.00,Team 1,Quill,Ashe,Team 2,Wren,Juno,Primary Fire,65.82,False,0
[00:04:21] ,round_end,231.50,1,0,1,0,0,100,0,0
[00:04:21] ,player_stat,231.50,1,Team 2,Kestrel,Genji,9,4,2,4395.98,573.39,3822.59,120.71,36.21,12.07,3440.33,0.00,2,3,2,2,1,0,1,1,0,0,34,0.11,0,0,0,694,313,381,0,0,0.45,231.50
[00:04:21] ,player_stat,231.50,1,Team 1,Cobalt,Doomfist,9,3,2,4064.91,530.21,3534.71,0.00,0.00,0.00,3181.24,3742.63,2,3,2,2,1,0,0,1,0,0,31,0.11,0,0,0,694,283,411,0,0,0.41,231.50
[00:04:21] ,player_stat,231.50,1,Team 1,Fennel,Baptiste,5,1,2,1884.46,245.80,1638.66,3433.39,1030.02,343.34,1474.80,0.00,1,2,2,2,1,0,0,0,0,0,28,0.11,0,0,0,694,260,434,0,0,0.37,231.50
[00:04:21] ,player_stat,231.50,1,Team 2,Juniper,Illari,4,1,3,1512.30,197.26,1315.04,2755.33,826.60,275.53,1183.54,0.00,1,1,2,2,1,0,0,0,0,0,29,0.11,0,0,0,694,269,425,0,0,0.39,231.50
[00:04:21] ,player_stat,231.50,1,Team 1,Pike,Moira,7,2,2,2621.35,341.92,2279.44,4775.96,1432.79,477.60,2051.49,0.00,1,2,2,2,1,0,0,1,0,0,30,0.11,0,0,0,694,272,422,0,0,0.39,231.50
[00:04:21] ,player_stat,231.50,1,Team 1,Quill,Ashe,16,7,2,7898.91,1030.29,6868.62,216.90,65.07,21.69,6181.76,0.00,3,5,2,2,2,1,1,2,0,0,32,0.11,0,0,0,694,294,400,0,0,0.42,231.50
[00:04:21] ,player_stat,231.50,1,Team 1,Vesper,Pharah,9,4,3,4279.36,558.18,3721.18,117.51,35.25,11.75,3349.06,0.00,2,3,2,2,1,0,1,1,0,0,30,0.11,0,0,0,694,277,417,0,0,0.40,231.50
[00:04:21] ,player_stat,231.50,1,Team 2,Halcyon,Soldier: 76,5,2,4,2730.60,356.16,2374.43,74.98,22.49,7.50,2136.99,0.00,1,2,2,2,1,0,0,0,0,0,25,0.11,0,0,0,694,233,461,0,0,0.34,231.50
[00:04:21] ,player_stat,231.50,1,Team 2,Wren,Juno,4,1,2,1492.36,194.66,1297.70,2718.99,815.70,271.90,1167.93,0.00,1,1,2,2,1,0,0,0,0,0,31,0.11,0,0,0,694,280,414,0,0,0.40,231.50
[00:04:21] ,player_stat,231.50,1,Team 2,Marrow,D.Va,12,4,2,5110.37,666.57,4443.80,0.00,0.00,0.00,3999.42,4705.20,2,4,2,2,2,0,1,2,0,0,34,0.11,0,0,0,694,308,386,0,0,0.44,231.50
[00:04:21] ,round_start,231.50,2,0,1,0,0
[00:04:51] ,****,261.50,Team 1,Fennel,Baptiste,Team 2,Wren,Juno,Primary Fire,177.13,False,0
[00:05:11] ,kill,281.50,Team 1,Pike,Moira,Team 2,Halcyon,Soldier: 76,Primary Fire,26.86,False,0
[00:05:31] ,****,301.50,Team 2,Marrow,D.Va,Team 1,Cobalt,Doomfist,Primary Fire,147.49,False,0
[00:08:30] ,round_end,480.76,2,0,1,1,0,100,0,0
[00:08:30] ,player_stat,480.76,2,Team 2,Kestrel,Genji,23,10,4,11335.69,1478.57,9857.12,311.28,93.38,31.13,8871.41,0.00,5,7,3,3,2,1,2,3,0,0,72,0.11,0,0,0,1442,651,791,0,0,0.45,480.76
[00:08:30] ,player_stat,480.76,2,Team 1,Cobalt,Doomfist,22,8,4,9801.38,1278.44,8522.94,0.00,0.00,0.00,7670.64,9024.28,4,7,3,3,2,1,2,3,0,0,65,0.11,0,0,0,1442,588,854,0,0,0.41,480.76
[00:08:30] ,player_stat,480.76,2,Team 1,Fennel,Baptiste,12,3,4,4539.71,592.14,3947.57,8271.10,2481.33,827.11,3552.81,0.00,2,4,3,3,2,0,0,2,0,0,60,0.11,0,0,0,1442,542,900,0,0,0.38,480.76
[00:08:30] ,player_stat,480.76,2,Team 2,Juniper,Illari,8,2,4,2984.19,389.24,2594.95,5437.04,1631.11,543.70,2335.46,0.00,2,2,3,3,1,0,0,1,0,0,62,0.11,0,0,0,1442,559,883,0,0,0.39,480.76
[00:08:30] ,player_stat,480.76,2,Team 1,Pike,Moira,13,3,5,4803.27,626.51,4176.76,8751.30,2625.39,875.13,3759.08,0.00,3,4,3,3,2,0,0,2,0,0,62,0.11,0,0,0,1442,565,877,0,0,0.39,480.76
[00:08:30] ,player_stat,480.76,2,Team 1,Quill,Ashe,27,12,5,13535.35,1765.48,11769.87,371.68,111.50,37.17,10592.88,0.00,5,8,3,3,3,1,3,4,0,0,67,0.11,0,0,0,1442,611,831,0,0,0.42,480.76
[00:08:30] ,player_stat,480.76,2,Team 1,Vesper,Pharah,17,8,6,8491.61,1107.60,7384.01,233.18,69.95,23.32,6645.61,0.00,3,5,3,3,2,1,2,2,0,0,64,0.11,0,0,0,1442,576,866,0,0,0.40,480.76
[00:08:30] ,player_stat,480.76,2,Team 2,Halcyon,Soldier: 76,14,6,6,7062.84,921.24,6141.60,193.95,58.18,19.39,5527.44,0.00,3,4,3,3,2,0,1,2,0,0,53,0.11,0,0,0,1442,484,958,0,0,0.34,480.76
[00:08:30] ,player_stat,480.76,2,Team 2,Wren,Juno,8,2,3,3020.15,393.93,2626.21,5502.55,1650.76,550.25,2363.59,0.00,2,2,3,3,1,0,0,1,0,0,64,0.11,0,0,0,1442,582,860,0,0,0.40,480.76
[00:08:30] ,player_stat,480.76,2,Team 2,Marrow,D.Va,28,10,4,12306.95,1605.25,10701.70,0.00,0.00,0.00,9631.53,11331.21,6,8,3,3,3,1,2,4,0,0,71,0.11,0,0,0,1442,640,802,0,0,0.44,480.76
[00:08:30] ,round_start,480.76,3,0,1,1,0
[00:09:30] ,hero_swap,540.76,Team 2,Kestrel,Tracer,Genji,0
[00:09:30] ,hero_swap,540.76,Team 2,Marrow,Sigma,D.Va,0
[00:09:00] ,kill,510.76,Team 1,Quill,Ashe,Team 2,Wren,Juno,Primary Fire,54.03,False,0
[00:09:20] ,kill,530.76,Team 2,Wren,Juno,Team 1,Quill,Ashe,Primary Fire,191.99,False,0
[00:09:40] ,****,550.76,Team 1,Pike,Moira,Team 2,Halcyon,Soldier: 76,Primary Fire,87.79,False,0
[00:12:42] ,round_end,732.68,3,0,1,2,0,100,0,0
[00:12:42] ,player_stat,732.68,3,Team 2,Kestrel,Genji,27,12,5,13325.71,1738.14,11587.57,365.92,109.78,36.59,10428.82,0.00,5,8,4,4,3,1,3,4,0,0,86,0.11,0,0,0,1728,781,947,0,0,0.45,576.23
[00:12:42] ,player_stat,732.68,3,Team 2,Kestrel,Tracer,9,4,1,4393.49,573.06,3820.43,120.65,36.19,12.06,3438.39,0.00,2,3,1,1,1,0,1,1,0,0,23,0.11,0,0,0,469,211,258,0,0,0.45,156.44
[00:12:42] ,player_stat,732.68,3,Team 1,Cobalt,Doomfist,31,11,7,13751.97,1793.74,11958.24,0.00,0.00,0.00,10762.41,12661.66,6,9,5,5,3,2,2,5,0,0,99,0.11,0,0,0,2198,896,1302,0,0,0.41,732.68
[00:12:42] ,player_stat,732.68,3,Team 1,Fennel,Baptiste,17,5,7,6306.49,822.59,5483.90,11490.09,3447.03,1149.01,4935.51,0.00,3,5,5,5,2,1,1,2,0,0,91,0.11,0,0,0,2198,826,1372,0,0,0.38,732.68
[00:12:42] ,player_stat,732.68,3,Team 2,Juniper,Illari,15,4,6,5470.24,713.51,4756.73,9966.49,2989.95,996.65,4281.06,0.00,3,4,5,5,2,1,1,2,0,0,94,0.11,0,0,0,2198,852,1346,0,0,0.39,732.68
[00:12:42] ,player_stat,732.68,3,Team 1,Pike,Moira,19,5,6,6919.10,902.49,6016.61,12606.23,3781.87,1260.62,5414.95,0.00,4,6,5,5,2,1,1,3,0,0,95,0.11,0,0,0,2198,861,1337,0,0,0.39,732.68
[00:12:42] ,player_stat,732.68,3,Team 1,Quill,Ashe,35,16,8,17609.34,2296.87,15312.47,483.55,145.07,48.36,13781.23,0.00,7,10,5,5,3,2,4,5,0,0,103,0.11,0,0,0,2198,931,1267,0,0,0.42,732.68
[00:12:42] ,player_stat,732.68,3,Team 1,Vesper,Pharah,27,12,8,13347.16,1740.93,11606.23,366.51,109.95,36.65,10445.60,0.00,5,8,5,5,3,1,3,4,0,0,97,0.11,0,0,0,2198,879,1319,0,0,0.40,732.68
[00:12:42] ,player_stat,732.68,3,Team 2,Halcyon,Soldier: 76,24,11,9,12006.05,1566.01,10440.05,329.69,98.91,32.97,9396.04,0.00,5,7,5,5,3,1,2,4,0,0,82,0.11,0,0,0,2198,738,1460,0,0,0.34,732.68
[00:12:42] ,player_stat,732.68,3,Team 2,Wren,Juno,14,4,5,5231.45,682.36,4549.09,9531.42,2859.43,953.14,4094.18,0.00,3,4,5,5,2,0,1,2,0,0,98,0.11,0,0,0,2198,887,1311,0,0,0.40,732.68
[00:12:42] ,player_stat,732.68,3,Team 2,Marrow,D.Va,33,12,5,14600.81,1904.45,12696.35,0.00,0.00,0.00,11426.72,13443.20,7,10,4,4,3,2,3,5,0,0,84,0.11,0,0,0,1712,760,952,0,0,0.44,570.69
[00:12:42] ,player_stat,732.68,3,Team 2,Marrow,Sigma,9,3,1,3788.97,494.21,3294.76,0.00,0.00,0.00,2965.28,3488.57,2,3,1,1,1,0,0,1,0,0,23,0.11,0,0,0,485,215,270,0,0,0.44,161.98
[00:12:43] ,match_end,732.68,3,1,2
