[00:00:00] ,match_start,0,Suravasa,Flashpoint,Team 1,Team 2
[00:00:30] ,round_start,0.00,1,0,0,0,0
[00:01:30] ,hero_swap,60.00,Team 2,Ember,Reinhardt,Ramattra,0
[00:01:30] ,hero_swap,60.00,Team 1,Sorrel,Widowmaker,Ashe,0
[00:01:00] ,****,30.00,Team 2,Ember,Reinhardt,Team 1,Sorrel,Widowmaker,Primary Fire,69.58,False,0
[00:01:20] ,kill,50.00,Team 2,Lumen,Kiriko,Team 1,Sorrel,Widowmaker,Primary Fire,85.86,False,0
[00:01:40] ,****,70.00,Team 1,Sorrel,Widowmaker,Team 2,Ember,Reinhardt,Primary Fire,120.35,False,0
[00:06:06] ,round_end,336.60,1,0,0,1,0,100,0,0
[00:06:06] ,player_stat,336.60,1,Team 2,Ember,Ramattra,5,2,1,2428.47,316.76,2111.71,0.00,0.00,0.00,1900.54,2235.93,1,2,1,1,1,0,0,0,0,0,15,0.11,0,0,0,343,142,201,0,0,0.41,114.63
[00:06:06] ,player_stat,336.60,1,Team 2,Ember,Reinhardt,11,4,1,4897.33,638.78,4258.55,0.00,0.00,0.00,3832.69,4509.05,2,3,2,1,1,0,1,1,0,0,30,0.11,0,0,0,665,276,389,0,0,0.42,221.97
[00:06:06] ,player_stat,336.60,1,Team 2,Lumen,Kiriko,9,2,3,3175.27,414.17,2761.11,5785.17,1735.55,578.52,2484.99,0.00,2,3,2,2,1,0,0,1,0,0,50,0.11,0,0,0,1009,452,557,0,0,0.45,336.60
[00:06:06] ,player_stat,336.60,1,Team 2,Vesper,Pharah,13,6,3,6387.97,833.21,5554.75,175.41,52.62,17.54,4999.28,0.00,3,4,2,2,2,0,1,2,0,0,44,0.11,0,0,0,1009,403,606,0,0,0.40,336.60
[00:06:06] ,player_stat,336.60,1,Team 1,Tidal,Lúcio,7,2,3,2559.58,333.86,2225.72,4663.41,1399.02,466.34,2003.15,0.00,1,2,2,2,1,0,0,1,0,0,46,0.11,0,0,0,1009,419,590,0,0,0.42,336.60
[00:06:06] ,player_stat,336.60,1,Team 1,Halcyon,Sojourn,7,3,3,3565.17,465.02,3100.15,97.90,29.37,9.79,2790.13,0.00,1,2,2,2,1,0,0,1,0,0,37,0.11,0,0,0,1009,339,670,0,0,0.34,336.60
[00:06:06] ,player_stat,336.60,1,Team 2,Quill,Cassidy,19,9,2,9313.70,1214.83,8098.87,255.75,76.73,25.58,7288.99,0.00,4,6,2,2,2,1,2,3,0,0,47,0.11,0,0,0,1009,427,582,0,0,0.42,336.60
[00:06:06] ,player_stat,336.60,1,Team 2,Juniper,Illari,8,2,2,2861.91,373.29,2488.62,5214.25,1564.27,521.42,2239.76,0.00,2,2,2,2,1,0,0,1,0,0,43,0.11,0,0,0,1009,391,618,0,0,0.39,336.60
[00:06:06] ,player_stat,336.60,1,Team 1,Rook,Junker Queen,8,3,3,3361.97,438.52,2923.45,0.00,0.00,0.00,2631.11,3095.42,2,2,2,2,1,0,0,1,0,0,41,0.11,0,0,0,1009,371,638,0,0,0.37,336.60
[00:06:06] ,player_stat,336.60,1,Team 1,Bramble,Kiriko,7,2,3,2631.08,343.18,2287.89,4793.68,1438.10,479.37,2059.10,0.00,1,2,2,2,1,0,0,1,0,0,48,0.11,0,0,0,1009,435,574,0,0,0.43,336.60
[00:06:06] ,player_stat,336.60,1,Team 1,Sorrel,Ashe,7,3,2,3699.61,482.56,3217.05,101.59,30.48,10.16,2895.34,0.00,1,2,2,1,1,0,0,1,0,0,30,0.11,0,0,0,664,270,394,0,0,0.41,221.59
[00:06:06] ,player_stat,336.60,1,Team 1,Sorrel,Widowmaker,6,3,1,2864.84,373.68,2491.17,78.67,23.60,7.87,2242.05,0.00,1,2,1,1,1,0,0,1,0,0,15,0.11,0,0,0,345,140,205,0,0,0.41,115.01
[00:06:07] ,match_end,336.60,1,0,1
