[00:00:00] ,match_start,0,New Junk City,Flashpoint,Team 1,Team 2
[00:00:30] ,round_start,0.00,1,0,0,0,0
[00:01:00] ,****,30.00,Team 1,Halcyon,Soldier: 76,Team 2,Juniper,Mercy,Primary Fire,192.91,False,0
[00:01:20] ,****,50.00,Team 2,Quill,Tracer,Team 1,Rook,Mauga,Primary Fire,28.26,False,0
[00:01:40] ,kill,70.00,Team 1,Halcyon,Soldier: 76,Team 2,Cobalt,Doomfist,Primary Fire,107.24,False,0
[00:02:00] ,kill,90.00,Team 1,Rook,Mauga,Team 2,Kestrel,Tracer,Primary Fire,132.55,False,0
[00:02:20] ,****,110.00,Team 2,Quill,Tracer,Team 1,Halcyon,Soldier: 76,Primary Fire,114.60,False,0
[00:08:28] ,round_end,478.33,1,0,0,1,0,100,0,0
[00:08:28] ,player_stat,478.33,1,Team 2,Cobalt,Doomfist,26,9,3,11591.02,1511.87,10079.15,0.00,0.00,0.00,9071.23,10672.04,5,8,3,3,3,1,2,4,0,0,65,0.11,0,0,0,1435,585,850,0,0,0.41,478.33
[00:08:28] ,player_stat,478.33,1,Team 1,Rook,Mauga,13,5,4,5653.62,737.43,4916.19,0.00,0.00,0.00,4424.57,5205.38,3,4,3,3,2,0,1,2,0,0,58,0.11,0,0,0,1435,528,907,0,0,0.37,478.33
[00:08:28] ,player_stat,478.33,1,Team 2,Kestrel,Tracer,28,13,3,13896.43,1812.58,12083.86,381.60,114.48,38.16,10875.47,0.00,6,8,3,3,3,1,3,4,0,0,72,0.11,0,0,0,1435,648,787,0,0,0.45,478.33
[00:08:28] ,player_stat,478.33,1,Team 1,Halcyon,Soldier: 76,10,5,6,4931.81,643.28,4288.53,135.43,40.63,13.54,3859.68,0.00,2,3,3,3,1,0,1,1,0,0,53,0.11,0,0,0,1435,482,953,0,0,0.34,478.33
[00:08:28] ,player_stat,478.33,1,Team 2,Quill,Tracer,27,12,3,13626.89,1777.42,11849.47,374.19,112.26,37.42,10664.52,0.00,5,8,3,3,3,1,3,4,0,0,67,0.11,0,0,0,1435,608,827,0,0,0.42,478.33
[00:08:28] ,player_stat,478.33,1,Team 2,Juniper,Mercy,12,3,4,4366.74,569.57,3797.16,7955.96,2386.79,795.60,3417.45,0.00,2,4,3,3,2,0,0,2,0,0,61,0.11,0,0,0,1435,556,879,0,0,0.39,478.33
[00:08:28] ,player_stat,478.33,1,Team 1,Tidal,Lúcio,14,4,4,5046.60,658.25,4388.34,9194.63,2758.39,919.46,3949.51,0.00,3,4,3,3,2,0,1,2,0,0,66,0.11,0,0,0,1435,596,839,0,0,0.42,478.33
[00:08:28] ,player_stat,478.33,1,Team 1,Fennel,Baptiste,8,2,5,2826.85,368.72,2458.13,5150.36,1545.11,515.04,2212.32,0.00,2,2,3,3,1,0,0,1,0,0,59,0.11,0,0,0,1435,539,896,0,0,0.38,478.33
[00:08:28] ,player_stat,478.33,1,Team 1,Vesper,Pharah,18,8,5,8916.76,1163.06,7753.70,244.85,73.46,24.49,6978.33,0.00,4,5,3,3,2,1,2,3,0,0,63,0.11,0,0,0,1435,574,861,0,0,0.40,478.33
[00:08:28] ,player_stat,478.33,1,Team 2,Lumen,Brigitte,12,3,3,4515.12,588.93,3926.19,8226.30,2467.89,822.63,3533.57,0.00,2,4,3,3,2,0,0,2,0,0,71,0.11,0,0,0,1435,642,793,0,0,0.45,478.33
[00:08:29] ,match_end,478.33,1,0,1
