[00:00:00] ,match_start,0,Colosseo,Push,Team 1,Team 2
[00:00:30] ,round_start,0.00,1,0,0,0,0
[00:01:30] ,hero_swap,60.00,Team 1,Rook,Junker Queen,Roadhog,0
[00:01:00] ,kill,30.00,Team 2,Juniper,Illari,Team 1,Ember,Wuyang,Primary Fire,185.69,False,0
[00:01:20] ,kill,50.00,Team 2,Juniper,Illari,Team 1,Rook,Junker Queen,Primary Fire,149.45,False,0
[00:01:40] ,kill,70.00,Team 2,Vesper,Pharah,Team 1,Ember,Wuyang,Primary Fire,175.14,False,0
[00:02:00] ,kill,90.00,Team 2,Juniper,Illari,Team 1,Ember,Wuyang,Primary Fire,41.31,False,0
[00:06:31] ,round_end,361.86,1,0,1,0,0,100,0,0
[00:06:31] ,player_stat,361.86,1,Team 1,Halcyon,Venture,17,8,4,8652.67,1128.61,7524.06,237.60,71.28,23.76,6771.65,0.00,3,5,3,2,2,1,2,2,0,0,40,0.11,0,0,0,1085,364,721,0,0,0.34,361.86
[00:06:31] ,player_stat,361.86,1,Team 2,Marrow,Winston,26,10,2,11680.22,1523.51,10156.71,0.00,0.00,0.00,9141.04,10754.16,5,8,3,2,3,1,2,4,0,0,53,0.11,0,0,0,1085,481,604,0,0,0.44,361.86
[00:06:31] ,player_stat,361.86,1,Team 2,Vesper,Pharah,13,6,3,6526.21,851.25,5674.97,179.21,53.76,17.92,5107.47,0.00,3,4,3,2,2,0,1,2,0,0,48,0.11,0,0,0,1085,434,651,0,0,0.40,361.86
[00:06:31] ,player_stat,361.86,1,Team 2,Sorrel,Hanzo,15,7,4,7270.15,948.28,6321.87,199.64,59.89,19.96,5689.69,0.00,3,4,3,2,2,1,1,2,0,0,49,0.11,0,0,0,1085,442,643,0,0,0.41,361.86
[00:06:31] ,player_stat,361.86,1,Team 1,Rook,Roadhog,10,4,2,4290.84,559.68,3731.17,0.00,0.00,0.00,3358.05,3950.65,2,3,1,1,1,0,1,1,0,0,22,0.11,0,0,0,556,204,352,0,0,0.37,185.45
[00:06:31] ,player_stat,361.86,1,Team 1,Rook,Junker Queen,7,3,2,3180.21,414.81,2765.40,0.00,0.00,0.00,2488.86,2928.07,1,2,1,1,1,0,0,1,0,0,21,0.11,0,0,0,529,194,335,0,0,0.37,176.40
[00:06:31] ,player_stat,361.86,1,Team 2,Cobalt,Juno,7,2,5,2445.23,318.94,2126.29,4455.08,1336.53,445.51,1913.66,0.00,1,2,3,2,1,0,0,1,0,0,41,0.11,0,0,0,1085,373,712,0,0,0.34,361.86
[00:06:31] ,player_stat,361.86,1,Team 1,Ember,Wuyang,9,3,2,3498.34,456.31,3042.03,6373.79,1912.14,637.38,2737.83,0.00,2,3,3,2,1,0,0,1,0,0,45,0.11,0,0,0,1085,412,673,0,0,0.38,361.86
[00:06:31] ,player_stat,361.86,1,Team 1,Kestrel,Tracer,15,7,3,7316.34,954.30,6362.03,200.91,60.27,20.09,5725.83,0.00,3,4,3,2,2,1,1,2,0,0,54,0.11,0,0,0,1085,490,595,0,0,0.45,361.86
[00:06:31] ,player_stat,361.86,1,Team 1,Lumen,Lúcio,13,4,2,4839.34,631.22,4208.12,8817.02,2645.11,881.70,3787.31,0.00,3,4,3,2,2,0,1,2,0,0,54,0.11,0,0,0,1085,486,599,0,0,0.45,361.86
[00:06:31] ,player_stat,361.86,1,Team 2,Juniper,Illari,8,2,3,2959.42,386.01,2573.40,5391.90,1617.57,539.19,2316.06,0.00,2,2,3,2,1,0,0,1,0,0,46,0.11,0,0,0,1085,420,665,0,0,0.39,361.86
[00:06:32] ,match_end,361.86,1,1,0
