[00:00:00] ,match_start,0,Suravasa,Flashpoint,Team 1,Team 2
[00:00:30] ,round_start,0.00,1,0,0,0,0
[00:01:30] ,hero_swap,60.00,Team 2,Rook,Mauga,Junker Queen,0
[00:01:00] ,****,30.00,Team 2,Halcyon,Torbjörn,Team 1,Sorrel,Ashe,Primary Fire,49.13,False,0
[00:01:20] ,****,50.00,Team 1,PikeOnAlt,Orisa,Team 2,Rook,Mauga,Primary Fire,155.64,False,0
[00:01:40] ,****,70.00,Team 2,Halcyon,Torbjörn,Team 1,Vesper,Echo,Primary Fire,189.75,False,0
[00:02:00] ,****,90.00,Team 2,Bramble,Ana,Team 1,Vesper,Echo,Primary Fire,186.71,False,0
[00:02:20] ,kill,110.00,Team 1,Tidal,Lúcio,Team 2,Halcyon,Torbjörn,Primary Fire,174.19,False,0
[00:06:52] ,round_end,382.44,1,0,1,0,0,100,0,0
[00:06:52] ,player_stat,382.44,1,Team 2,Kestrel,Cassidy,19,9,3,9472.27,1235.51,8236.76,260.11,78.03,26.01,7413.08,0.00,4,6,3,3,2,1,2,3,0,0,57,0.11,0,0,0,1147,518,629,0,0,0.45,382.44
[00:06:52] ,player_stat,382.44,1,Team 2,Rook,Junker Queen,8,3,3,3494.41,455.79,3038.62,0.00,0.00,0.00,2734.76,3217.36,2,2,2,1,1,0,0,1,0,0,26,0.11,0,0,0,648,238,410,0,0,0.37,216.31
[00:06:52] ,player_stat,382.44,1,Team 2,Rook,Mauga,5,2,1,2133.88,278.33,1855.54,0.00,0.00,0.00,1669.99,1964.69,1,2,1,1,1,0,0,0,0,0,20,0.11,0,0,0,498,183,315,0,0,0.37,166.13
[00:06:52] ,player_stat,382.44,1,Team 1,Lumen,Kiriko,16,4,2,5912.03,771.13,5140.89,10771.40,3231.42,1077.14,4626.80,0.00,3,5,3,3,2,1,1,2,0,0,57,0.11,0,0,0,1147,513,634,0,0,0.45,382.44
[00:06:52] ,player_stat,382.44,1,Team 2,Halcyon,Torbjörn,14,6,6,6993.92,912.25,6081.67,192.05,57.62,19.21,5473.50,0.00,3,4,3,3,2,0,1,2,0,0,42,0.11,0,0,0,1147,385,762,0,0,0.34,382.44
[00:06:52] ,player_stat,382.44,1,Team 1,Tidal,Lúcio,10,3,3,3807.16,496.59,3310.57,6936.43,2080.93,693.64,2979.51,0.00,2,3,3,3,1,0,0,1,0,0,53,0.11,0,0,0,1147,477,670,0,0,0.42,382.44
[00:06:52] ,player_stat,382.44,1,Team 2,Bramble,Ana,11,3,2,3903.64,509.17,3394.47,7112.21,2133.66,711.22,3055.02,0.00,2,3,3,3,1,0,0,1,0,0,55,0.11,0,0,0,1147,495,652,0,0,0.43,382.44
[00:06:52] ,player_stat,382.44,1,Team 1,Sorrel,Ashe,12,5,4,5998.34,782.39,5215.94,164.71,49.41,16.47,4694.35,0.00,2,4,3,3,2,0,1,2,0,0,51,0.11,0,0,0,1147,467,680,0,0,0.41,382.44
[00:06:52] ,player_stat,382.44,1,Team 2,Juniper,Zenyatta,8,2,4,3093.91,403.55,2690.36,5636.94,1691.08,563.69,2421.32,0.00,2,2,3,3,1,0,0,1,0,0,49,0.11,0,0,0,1147,445,702,0,0,0.39,382.44
[00:06:52] ,player_stat,382.44,1,Team 1,Vesper,Echo,15,7,4,7438.72,970.27,6468.45,204.27,61.28,20.43,5821.61,0.00,3,4,3,3,2,1,1,2,0,0,50,0.11,0,0,0,1147,458,689,0,0,0.40,382.44
[00:06:52] ,player_stat,382.44,1,Team 1,PikeOnAlt,Orisa,23,8,3,9997.49,1304.02,8693.47,0.00,0.00,0.00,7824.12,9204.85,5,7,3,3,2,1,2,3,0,0,53,0.11,0,0,0,1147,481,666,0,0,0.42,382.44
[00:06:53] ,match_end,382.44,1,1,0
