[00:00:00] ,match_start,0,King's Row,Hybrid,Team 1,Team 2
[00:00:30] ,round_start,0.00,1,0,0,0,0
[00:01:30] ,hero_swap,60.00,Team 2,Rook,Roadhog,Junker Queen,0
[00:01:00] ,kill,30.00,Team 2,Rook,Roadhog,Team 1,Sorrel,Sierra,Primary Fire,66.85,False,0
[00:01:20] ,kill,50.00,Team 1,Sorrel,Sierra,Team 2,PikeOnAlt,Moira,Primary Fire,60.29,False,0
[00:01:40] ,****,70.00,Team 1,Marrow,Winston,Team 2,Quill,Cassidy,Primary Fire,199.40,False,0
[00:02:00] ,kill,90.00,Team 1,Marrow,Winston,Team 2,PikeOnAlt,Moira,Primary Fire,173.87,False,0
[00:08:26] ,round_end,476.41,1,0,3,0,0,100,0,0
[00:08:26] ,player_stat,476.41,1,Team 2,Halcyon,Soldier: 76,11,5,7,5314.75,693.23,4621.53,145.94,43.78,14.59,4159.37,0.00,2,3,3,3,1,0,1,1,0,0,53,0.11,0,0,0,1429,480,949,0,0,0.34,476.41
[00:08:26] ,player_stat,476.41,1,Team 1,Marrow,Winston,26,9,2,11587.22,1511.38,10075.84,0.00,0.00,0.00,9068.26,10668.54,5,8,3,3,3,1,2,4,0,0,70,0.11,0,0,0,1429,634,795,0,0,0.44,476.41
[00:08:26] ,player_stat,476.41,1,Team 2,Lumen,Brigitte,12,3,5,4597.77,599.71,3998.06,8376.89,2513.07,837.69,3598.25,0.00,2,4,3,3,2,0,0,2,0,0,71,0.11,0,0,0,1429,640,789,0,0,0.45,476.41
[00:08:26] ,player_stat,476.41,1,Team 1,Kestrel,Torbjörn,23,11,3,11604.17,1513.59,10090.58,318.65,95.59,31.86,9081.52,0.00,5,7,3,3,2,1,2,3,0,0,71,0.11,0,0,0,1429,645,784,0,0,0.45,476.41
[00:08:26] ,player_stat,476.41,1,Team 1,Sorrel,Sierra,30,14,5,14796.35,1929.96,12866.39,406.31,121.89,40.63,11579.75,0.00,6,9,3,3,3,2,3,5,0,0,64,0.11,0,0,0,1429,583,846,0,0,0.41,476.41
[00:08:26] ,player_stat,476.41,1,Team 1,Juniper,Wuyang,11,3,5,4022.07,524.62,3497.45,7327.99,2198.40,732.80,3147.70,0.00,2,3,3,3,1,0,0,1,0,0,61,0.11,0,0,0,1429,554,875,0,0,0.39,476.41
[00:08:26] ,player_stat,476.41,1,Team 2,PikeOnAlt,Moira,10,3,3,3609.14,470.76,3138.39,6575.67,1972.70,657.57,2824.55,0.00,2,3,3,3,1,0,0,1,0,0,62,0.11,0,0,0,1429,560,869,0,0,0.39,476.41
[00:08:26] ,player_stat,476.41,1,Team 2,Quill,Cassidy,24,11,4,12058.93,1572.90,10486.03,331.14,99.34,33.11,9437.42,0.00,5,7,3,3,3,1,2,4,0,0,67,0.11,0,0,0,1429,605,824,0,0,0.42,476.41
[00:08:26] ,player_stat,476.41,1,Team 1,Wren,Juno,10,3,3,3807.92,496.69,3311.23,6937.82,2081.35,693.78,2980.11,0.00,2,3,3,3,1,0,0,1,0,0,64,0.11,0,0,0,1429,577,852,0,0,0.40,476.41
[00:08:26] ,player_stat,476.41,1,Team 2,Rook,Junker Queen,4,2,2,1948.58,254.16,1694.42,0.00,0.00,0.00,1524.98,1794.09,1,1,1,1,1,0,0,0,0,0,22,0.11,0,0,0,551,202,349,0,0,0.37,183.97
[00:08:26] ,player_stat,476.41,1,Team 2,Rook,Roadhog,11,4,3,4748.10,619.32,4128.78,0.00,0.00,0.00,3715.90,4371.65,2,3,2,2,1,0,1,1,0,0,35,0.11,0,0,0,877,322,555,0,0,0.37,292.44
[00:08:26] ,round_start,476.41,2,0,3,0,0
[00:09:26] ,hero_swap,536.41,Team 1,Marrow,Sigma,Winston,0
[00:08:56] ,kill,506.41,Team 1,Kestrel,Torbjörn,Team 2,PikeOnAlt,Moira,Primary Fire,121.34,False,0
[00:09:16] ,kill,526.41,Team 2,Halcyon,Soldier: 76,Team 1,Wren,Juno,Primary Fire,134.12,False,0
[00:09:36] ,****,546.41,Team 1,Sorrel,Sierra,Team 2,Halcyon,Soldier: 76,Primary Fire,54.28,False,0
[00:09:56] ,****,566.41,Team 1,Sorrel,Sierra,Team 2,Lumen,Brigitte,Primary Fire,21.77,False,0
[00:14:28] ,round_end,838.86,2,0,3,1,0,100,0,0
[00:14:28] ,player_stat,838.86,2,Team 2,Halcyon,Soldier: 76,19,9,12,9603.24,1252.60,8350.65,263.70,79.11,26.37,7515.58,0.00,4,6,6,6,2,1,2,3,0,0,93,0.11,0,0,0,2516,845,1671,0,0,0.34,838.86
[00:14:28] ,player_stat,838.86,2,Team 1,Marrow,Winston,38,14,3,16662.87,2173.42,14489.45,0.00,0.00,0.00,13040.51,15341.77,8,11,5,4,4,2,3,6,0,0,96,0.11,0,0,0,1956,868,1088,0,0,0.44,652.32
[00:14:28] ,player_stat,838.86,2,Team 1,Marrow,Sigma,11,4,1,4825.32,629.39,4195.93,0.00,0.00,0.00,3776.34,4442.75,2,3,1,1,1,0,1,1,0,0,27,0.11,0,0,0,559,248,311,0,0,0.44,186.54
[00:14:28] ,player_stat,838.86,2,Team 2,Lumen,Brigitte,21,6,7,7674.41,1001.01,6673.40,13982.36,4194.71,1398.24,6006.06,0.00,4,6,6,6,2,1,1,3,0,0,125,0.11,0,0,0,2516,1127,1389,0,0,0.45,838.86
[00:14:28] ,player_stat,838.86,2,Team 1,Kestrel,Torbjörn,46,21,6,22885.82,2985.11,19900.71,628.44,188.53,62.84,17910.64,0.00,9,14,6,6,4,3,5,7,0,0,126,0.11,0,0,0,2516,1137,1379,0,0,0.45,838.86
[00:14:28] ,player_stat,838.86,2,Team 1,Sorrel,Sierra,46,21,9,22750.73,2967.49,19783.25,624.73,187.42,62.47,17804.92,0.00,9,14,6,6,4,3,5,7,0,0,114,0.11,0,0,0,2516,1026,1490,0,0,0.41,838.86
[00:14:28] ,player_stat,838.86,2,Team 1,Juniper,Wuyang,20,5,7,7357.85,959.72,6398.13,13405.61,4021.68,1340.56,5758.32,0.00,4,6,6,6,2,1,1,3,0,0,108,0.11,0,0,0,2516,976,1540,0,0,0.39,838.86
[00:14:28] ,player_stat,838.86,2,Team 2,PikeOnAlt,Moira,18,5,5,6846.78,893.06,5953.72,12474.46,3742.34,1247.45,5358.35,0.00,4,5,6,6,2,1,1,3,0,0,109,0.11,0,0,0,2516,986,1530,0,0,0.39,838.86
[00:14:28] ,player_stat,838.86,2,Team 2,Quill,Cassidy,41,19,7,20252.41,2641.62,17610.79,556.13,166.84,55.61,15849.71,0.00,8,12,6,6,4,2,4,6,0,0,118,0.11,0,0,0,2516,1066,1450,0,0,0.42,838.86
[00:14:28] ,player_stat,838.86,2,Team 1,Wren,Juno,22,6,6,7996.88,1043.07,6953.81,14569.88,4370.96,1456.99,6258.43,0.00,4,7,6,6,2,1,1,3,0,0,112,0.11,0,0,0,2516,1016,1500,0,0,0.40,838.86
[00:14:28] ,player_stat,838.86,2,Team 2,Rook,Junker Queen,4,2,2,1948.58,254.16,1694.42,0.00,0.00,0.00,1524.98,1794.09,1,1,1,1,1,0,0,0,0,0,22,0.11,0,0,0,551,202,349,0,0,0.37,183.97
[00:14:28] ,player_stat,838.86,2,Team 2,Rook,Roadhog,22,8,7,9825.64,1281.60,8544.03,0.00,0.00,0.00,7689.63,9046.62,4,7,5,4,2,1,2,3,0,0,80,0.11,0,0,0,1964,722,1242,0,0,0.37,654.89
[00:14:29] ,match_end,838.86,2,3,1
