[00:00:00] ,match_start,0,Circuit Royal,Escort,Team 1,Team 2
[00:00:30] ,round_start,0.00,1,0,0,0,0
[00:01:30] ,hero_swap,60.00,Team 1,Juniper,Moira,Mercy,0
[00:01:00] ,****,30.00,Team 1,Quill,Cassidy,Team 2,Rook,Roadhog,Primary Fire,42.70,False,0
[00:01:20] ,****,50.00,Team 2,Wren,Venture,Team 1,Quill,Cassidy,Primary Fire,183.61,False,0
[00:01:40] ,****,70.00,Team 2,Cobalt,Bastion,Team 1,Quill,Cassidy,Primary Fire,85.98,False,0
[00:02:00] ,****,90.00,Team 2,Wren,Venture,Team 1,PikeOnAlt,Moira,Primary Fire,146.68,False,0
[00:07:11] ,round_end,401.03,1,0,3,0,0,100,0,0
[00:07:11] ,player_stat,401.03,1,Team 2,Lumen,Brigitte,10,3,3,3545.95,462.51,3083.43,6460.53,1938.16,646.05,2775.09,0.00,2,3,3,3,1,0,0,1,0,0,59,0.11,0,0,0,1203,538,665,0,0,0.45,401.03
[00:07:11] ,player_stat,401.03,1,Team 2,Bramble,Baptiste,11,3,4,4163.83,543.11,3620.73,7586.28,2275.88,758.63,3258.65,0.00,2,3,3,3,1,0,0,1,0,0,57,0.11,0,0,0,1203,519,684,0,0,0.43,401.03
[00:07:11] ,player_stat,401.03,1,Team 1,Marrow,Sigma,38,14,2,17048.92,2223.77,14825.15,0.00,0.00,0.00,13342.64,15697.22,8,11,3,3,4,2,3,6,0,0,59,0.11,0,0,0,1203,534,669,0,0,0.44,401.03
[00:07:11] ,player_stat,401.03,1,Team 1,Quill,Cassidy,12,5,4,5800.60,756.60,5044.00,159.28,47.79,15.93,4539.60,0.00,2,4,3,3,2,0,1,2,0,0,56,0.11,0,0,0,1203,510,693,0,0,0.42,401.03
[00:07:11] ,player_stat,401.03,1,Team 2,Rook,Roadhog,11,4,5,4786.08,624.27,4161.81,0.00,0.00,0.00,3745.63,4406.62,2,3,3,3,1,0,1,1,0,0,49,0.11,0,0,0,1203,442,761,0,0,0.37,401.03
[00:07:11] ,player_stat,401.03,1,Team 2,Cobalt,Bastion,12,5,4,5843.46,762.19,5081.27,160.46,48.14,16.05,4573.14,0.00,2,4,3,3,2,0,1,2,0,0,46,0.11,0,0,0,1203,418,785,0,0,0.35,401.03
[00:07:11] ,player_stat,401.03,1,Team 1,Juniper,Mercy,5,1,2,1811.33,236.26,1575.07,3300.14,990.04,330.01,1417.56,0.00,1,2,2,2,1,0,0,0,0,0,31,0.11,0,0,0,732,284,448,0,0,0.39,244.11
[00:07:11] ,player_stat,401.03,1,Team 1,Juniper,Moira,3,1,1,1231.47,160.63,1070.84,2243.67,673.10,224.37,963.76,0.00,1,1,1,1,1,0,0,0,0,0,20,0.11,0,0,0,470,182,288,0,0,0.39,156.92
[00:07:11] ,player_stat,401.03,1,Team 2,Wren,Venture,15,7,5,7694.51,1003.63,6690.88,211.29,63.39,21.13,6021.79,0.00,3,4,3,3,2,1,1,2,0,0,51,0.11,0,0,0,1203,466,737,0,0,0.39,401.03
[00:07:11] ,player_stat,401.03,1,Team 1,Vesper,Genji,16,7,5,7718.35,1006.74,6711.61,211.95,63.58,21.19,6040.45,0.00,3,5,3,3,2,1,1,2,0,0,53,0.11,0,0,0,1203,481,722,0,0,0.40,401.03
[00:07:11] ,player_stat,401.03,1,Team 1,PikeOnAlt,Moira,11,3,2,4092.09,533.75,3558.34,7455.57,2236.67,745.56,3202.51,0.00,2,3,3,3,1,0,0,1,0,0,52,0.11,0,0,0,1203,471,732,0,0,0.39,401.03
[00:07:11] ,round_start,401.03,2,0,3,0,0
[00:08:11] ,hero_swap,461.03,Team 1,Vesper,Junkrat,Genji,0
[00:07:41] ,****,431.03,Team 2,Wren,Venture,Team 1,Marrow,Sigma,Primary Fire,153.91,False,0
[00:08:01] ,****,451.03,Team 2,Lumen,Brigitte,Team 1,Vesper,Junkrat,Primary Fire,36.19,False,0
[00:08:21] ,kill,471.03,Team 2,Bramble,Baptiste,Team 1,PikeOnAlt,Moira,Primary Fire,144.49,False,0
[00:08:41] ,****,491.03,Team 2,Bramble,Baptiste,Team 1,Juniper,Moira,Primary Fire,145.69,False,0
[00:13:20] ,round_end,770.71,2,0,3,1,0,100,0,0
[00:13:20] ,player_stat,770.71,2,Team 2,Lumen,Brigitte,18,5,6,6751.55,880.64,5870.91,12300.96,3690.29,1230.10,5283.82,0.00,4,5,6,5,2,1,1,3,0,0,115,0.11,0,0,0,2312,1035,1277,0,0,0.45,770.71
[00:13:20] ,player_stat,770.71,2,Team 2,Bramble,Baptiste,24,6,8,8839.37,1152.96,7686.41,16104.86,4831.46,1610.49,6917.77,0.00,5,7,6,5,3,1,1,4,0,0,110,0.11,0,0,0,2312,998,1314,0,0,0.43,770.71
[00:13:20] ,player_stat,770.71,2,Team 1,Marrow,Sigma,58,21,4,25646.66,3345.22,22301.45,0.00,0.00,0.00,20071.30,23613.30,12,17,6,5,5,3,5,9,0,0,114,0.11,0,0,0,2312,1026,1286,0,0,0.44,770.71
[00:13:20] ,player_stat,770.71,2,Team 1,Quill,Cassidy,30,13,7,14730.09,1921.32,12808.77,404.49,121.35,40.45,11527.90,0.00,6,9,6,5,3,2,3,5,0,0,108,0.11,0,0,0,2312,980,1332,0,0,0.42,770.71
[00:13:20] ,player_stat,770.71,2,Team 2,Rook,Roadhog,20,7,8,8929.43,1164.71,7764.72,0.00,0.00,0.00,6988.25,8221.47,4,6,6,5,2,1,1,3,0,0,94,0.11,0,0,0,2312,850,1462,0,0,0.37,770.71
[00:13:20] ,player_stat,770.71,2,Team 2,Cobalt,Bastion,21,10,9,10620.82,1385.32,9235.50,291.65,87.49,29.16,8311.95,0.00,4,6,6,5,2,1,2,3,0,0,89,0.11,0,0,0,2312,804,1508,0,0,0.35,770.71
[00:13:20] ,player_stat,770.71,2,Team 1,Juniper,Mercy,5,1,2,1811.33,236.26,1575.07,3300.14,990.04,330.01,1417.56,0.00,1,2,2,2,1,0,0,0,0,0,31,0.11,0,0,0,732,284,448,0,0,0.39,244.11
[00:13:20] ,player_stat,770.71,2,Team 1,Juniper,Moira,9,3,4,3456.19,450.81,3005.38,6296.99,1889.10,629.70,2704.84,0.00,2,3,4,4,1,0,0,1,0,0,68,0.11,0,0,0,1579,612,967,0,0,0.39,526.61
[00:13:20] ,player_stat,770.71,2,Team 2,Wren,Venture,24,11,8,12120.09,1580.88,10539.21,332.82,99.85,33.28,9485.29,0.00,5,7,6,5,3,1,2,4,0,0,99,0.11,0,0,0,2312,897,1415,0,0,0.39,770.71
[00:13:20] ,player_stat,770.71,2,Team 1,Vesper,Genji,25,11,6,12367.03,1613.09,10753.94,339.60,101.88,33.96,9678.55,0.00,5,8,4,4,3,1,2,4,0,0,73,0.11,0,0,0,1662,664,998,0,0,0.40,554.28
[00:13:20] ,player_stat,770.71,2,Team 1,Vesper,Junkrat,9,4,2,4471.16,583.19,3887.96,122.78,36.83,12.28,3499.17,0.00,2,3,2,1,1,0,1,1,0,0,28,0.11,0,0,0,649,259,390,0,0,0.40,216.44
[00:13:20] ,player_stat,770.71,2,Team 1,PikeOnAlt,Moira,23,6,5,8435.30,1100.26,7335.04,15368.65,4610.60,1536.87,6601.54,0.00,5,7,6,5,2,1,1,3,0,0,100,0.11,0,0,0,2312,906,1406,0,0,0.39,770.71
[00:13:21] ,match_end,770.71,2,3,1
