[00:00:00] ,match_start,0,Midtown,Hybrid,Team 1,Team 2
[00:00:30] ,round_start,0.00,1,0,0,0,0
[00:01:30] ,hero_swap,60.00,Team 2,Kestrel,Genji,Tracer,0
[00:01:00] ,****,30.00,Team 1,Cobalt,Bastion,Team 2,Tidal,Juno,Primary Fire,176.86,False,0
[00:01:20] ,kill,50.00,Team 1,Lumen,Ana,Team 2,Tidal,Juno,Primary Fire,179.01,False,0
[00:01:40] ,kill,70.00,Team 2,Juniper,Mercy,Team 1,Sorrel,Hanzo,Primary Fire,197.56,False,0
[00:02:00] ,****,90.00,Team 2,Tidal,Juno,Team 1,Cobalt,Bastion,Primary Fire,51.72,False,0
[00:02:20] ,****,110.00,Team 1,Cobalt,Bastion,Team 2,Marrow,D.Va,Primary Fire,126.04,False,0
[00:08:15] ,round_end,465.89,1,0,3,0,0,100,0,0
[00:08:15] ,player_stat,465.89,1,Team 2,Halcyon,Soldier: 76,14,6,6,7025.89,916.42,6109.47,192.93,57.88,19.29,5498.52,0.00,3,4,3,3,2,0,1,2,0,0,52,0.11,0,0,0,1397,469,928,0,0,0.34,465.89
[00:08:15] ,player_stat,465.89,1,Team 2,Tidal,Juno,11,3,3,4089.82,533.45,3556.36,7451.43,2235.43,745.14,3200.73,0.00,2,3,3,3,1,0,0,1,0,0,64,0.11,0,0,0,1397,581,816,0,0,0.42,465.89
[00:08:15] ,player_stat,465.89,1,Team 1,Sorrel,Hanzo,27,12,4,13509.31,1762.08,11747.23,370.97,111.29,37.10,10572.50,0.00,5,8,3,3,3,1,3,4,0,0,63,0.11,0,0,0,1397,569,828,0,0,0.41,465.89
[00:08:15] ,player_stat,465.89,1,Team 2,Marrow,D.Va,15,6,3,6722.30,876.82,5845.48,0.00,0.00,0.00,5260.93,6189.33,3,4,3,3,2,1,1,2,0,0,68,0.11,0,0,0,1397,620,777,0,0,0.44,465.89
[00:08:15] ,player_stat,465.89,1,Team 1,Rook,Mauga,16,6,3,7180.43,936.58,6243.85,0.00,0.00,0.00,5619.47,6611.14,3,5,3,3,2,1,1,2,0,0,57,0.11,0,0,0,1397,514,883,0,0,0.37,465.89
[00:08:15] ,player_stat,465.89,1,Team 2,Juniper,Mercy,7,2,5,2576.02,336.00,2240.01,4693.36,1408.01,469.34,2016.01,0.00,1,2,3,3,1,0,0,1,0,0,60,0.11,0,0,0,1397,542,855,0,0,0.39,465.89
[00:08:15] ,player_stat,465.89,1,Team 1,Bramble,Kiriko,11,3,3,3949.06,515.09,3433.96,7194.97,2158.49,719.50,3090.57,0.00,2,3,3,3,1,0,0,1,0,0,67,0.11,0,0,0,1397,603,794,0,0,0.43,465.89
[00:08:15] ,player_stat,465.89,1,Team 2,Kestrel,Tracer,11,5,2,5299.13,691.19,4607.94,145.51,43.65,14.55,4147.15,0.00,2,3,2,2,1,0,1,1,0,0,37,0.11,0,0,0,742,335,407,0,0,0.45,247.47
[00:08:15] ,player_stat,465.89,1,Team 2,Kestrel,Genji,9,4,1,4694.03,612.27,4081.77,128.90,38.67,12.89,3673.59,0.00,2,3,2,1,1,0,1,1,0,0,32,0.11,0,0,0,655,296,359,0,0,0.45,218.42
[00:08:15] ,player_stat,465.89,1,Team 1,Lumen,Ana,17,5,3,6455.78,842.06,5613.72,11762.08,3528.62,1176.21,5052.35,0.00,3,5,3,3,2,1,1,2,0,0,69,0.11,0,0,0,1397,625,772,0,0,0.45,465.89
[00:08:15] ,player_stat,465.89,1,Team 1,Cobalt,Bastion,14,6,5,7013.74,914.84,6098.91,192.60,57.78,19.26,5489.01,0.00,3,4,3,3,2,0,1,2,0,0,54,0.11,0,0,0,1397,486,911,0,0,0.35,465.89
[00:08:15] ,round_start,465.89,2,0,3,0,0
[00:09:15] ,hero_swap,525.89,Team 2,Kestrel,Tracer,Genji,0
[00:08:45] ,****,495.89,Team 1,Lumen,Ana,Team 2,Tidal,Juno,Primary Fire,76.13,False,0
[00:09:05] ,****,515.89,Team 1,Sorrel,Hanzo,Team 2,Halcyon,Soldier: 76,Primary Fire,144.57,False,0
[00:09:25] ,****,535.89,Team 1,Cobalt,Bastion,Team 2,Juniper,Mercy,Primary Fire,144.21,False,0
[00:14:32] ,round_end,842.28,2,0,3,2,0,100,0,0
[00:14:32] ,player_stat,842.28,2,Team 2,Halcyon,Soldier: 76,22,10,12,11103.85,1448.33,9655.52,304.91,91.47,30.49,8689.97,0.00,4,7,6,6,2,1,2,3,0,0,94,0.11,0,0,0,2526,848,1678,0,0,0.34,842.28
[00:14:32] ,player_stat,842.28,2,Team 2,Tidal,Juno,22,6,7,8318.03,1084.96,7233.07,15155.01,4546.50,1515.50,6509.77,0.00,4,7,6,6,2,1,1,3,0,0,116,0.11,0,0,0,2526,1050,1476,0,0,0.42,842.28
[00:14:32] ,player_stat,842.28,2,Team 1,Sorrel,Hanzo,42,19,7,20641.88,2692.42,17949.46,566.83,170.05,56.68,16154.52,0.00,8,13,6,6,4,2,4,7,0,0,114,0.11,0,0,0,2526,1030,1496,0,0,0.41,842.28
[00:14:32] ,player_stat,842.28,2,Team 2,Marrow,D.Va,38,14,5,16969.81,2213.45,14756.36,0.00,0.00,0.00,13280.72,15624.38,8,11,6,6,4,2,3,6,0,0,124,0.11,0,0,0,2526,1121,1405,0,0,0.44,842.28
[00:14:32] ,player_stat,842.28,2,Team 1,Rook,Mauga,28,10,6,12495.69,1629.87,10865.82,0.00,0.00,0.00,9779.23,11504.98,6,8,6,6,3,1,2,4,0,0,103,0.11,0,0,0,2526,929,1597,0,0,0.37,842.28
[00:14:32] ,player_stat,842.28,2,Team 2,Juniper,Mercy,13,4,8,4995.82,651.63,4344.19,9102.12,2730.64,910.21,3909.78,0.00,3,4,6,6,2,0,1,2,0,0,108,0.11,0,0,0,2526,980,1546,0,0,0.39,842.28
[00:14:32] ,player_stat,842.28,2,Team 1,Bramble,Kiriko,24,7,5,8980.24,1171.34,7808.91,16361.52,4908.46,1636.15,7028.02,0.00,5,7,6,6,3,1,1,4,0,0,121,0.11,0,0,0,2526,1091,1435,0,0,0.43,842.28
[00:14:32] ,player_stat,842.28,2,Team 2,Kestrel,Tracer,23,10,4,11259.57,1468.64,9790.93,309.19,92.76,30.92,8811.84,0.00,5,7,4,3,2,1,2,3,0,0,76,0.11,0,0,0,1532,692,840,0,0,0.45,510.91
[00:14:32] ,player_stat,842.28,2,Team 2,Kestrel,Genji,15,7,2,7449.21,971.64,6477.57,204.55,61.37,20.46,5829.82,0.00,3,4,2,2,2,1,1,2,0,0,49,0.11,0,0,0,994,449,545,0,0,0.45,331.37
[00:14:32] ,player_stat,842.28,2,Team 1,Lumen,Ana,28,8,5,10582.84,1380.37,9202.47,19281.36,5784.41,1928.14,8282.22,0.00,6,8,6,6,3,1,2,4,0,0,125,0.11,0,0,0,2526,1131,1395,0,0,0.45,842.28
[00:14:32] ,player_stat,842.28,2,Team 1,Cobalt,Bastion,26,12,10,12839.80,1674.76,11165.04,352.58,105.77,35.26,10048.54,0.00,5,8,6,6,3,1,3,4,0,0,97,0.11,0,0,0,2526,879,1647,0,0,0.35,842.28
[00:14:33] ,match_end,842.28,2,3,2
