[00:00:00] ,match_start,0,King's Row,Hybrid,Team 1,Team 2
[00:00:30] ,round_start,0.00,1,0,0,0,0
[00:01:00] ,****,30.00,Team 1,Ember,Reaper,Team 2,Juniper,Illari,Primary Fire,174.13,False,0
[00:01:20] ,kill,50.00,Team 1,Wren,Juno,Team 2,Vesper,Pharah,Primary Fire,147.54,False,0
[00:01:40] ,kill,70.00,Team 1,Quill,Ashe,Team 2,Cobalt,Mizuki,Primary Fire,20.78,False,0
[00:02:00] ,****,90.00,Team 1,Lumen,Brigitte,Team 2,Rook,Mauga,Primary Fire,193.29,False,0
[00:05:56] ,round_end,326.19,1,0,0,2,0,100,0,0
[00:05:56] ,player_stat,326.19,1,Team 2,Rook,Mauga,13,5,4,5937.13,774.41,5162.73,0.00,0.00,0.00,4646.45,5466.42,3,4,2,2,2,0,1,2,0,0,39,0.11,0,0,0,978,359,619,0,0,0.37,326.19
[00:05:56] ,player_stat,326.19,1,Team 1,Ember,Reaper,9,4,5,4411.80,575.45,3836.35,121.15,36.34,12.11,3452.72,0.00,2,3,2,2,1,0,1,1,0,0,43,0.11,0,0,0,978,395,583,0,0,0.40,326.19
[00:05:56] ,player_stat,326.19,1,Team 1,Quill,Ashe,16,7,3,7781.28,1014.95,6766.33,213.67,64.10,21.37,6089.70,0.00,3,5,2,2,2,1,1,2,0,0,46,0.11,0,0,0,978,414,564,0,0,0.42,326.19
[00:05:56] ,player_stat,326.19,1,Team 2,Kestrel,Torbjörn,17,8,4,8494.92,1108.03,7386.89,233.27,69.98,23.33,6648.20,0.00,3,5,2,2,2,1,2,2,0,0,49,0.11,0,0,0,978,442,536,0,0,0.45,326.19
[00:05:56] ,player_stat,326.19,1,Team 2,Vesper,Pharah,15,7,3,7293.64,951.34,6342.29,200.28,60.08,20.03,5708.06,0.00,3,4,2,2,2,1,1,2,0,0,43,0.11,0,0,0,978,391,587,0,0,0.40,326.19
[00:05:56] ,player_stat,326.19,1,Team 2,Cobalt,Mizuki,6,2,3,2122.20,276.81,1845.39,3866.54,1159.96,386.65,1660.86,0.00,1,2,2,2,1,0,0,1,0,0,37,0.11,0,0,0,978,336,642,0,0,0.34,326.19
[00:05:56] ,player_stat,326.19,1,Team 1,Wren,Juno,5,1,3,1923.29,250.86,1672.42,3504.12,1051.24,350.41,1505.18,0.00,1,2,2,2,1,0,0,0,0,0,43,0.11,0,0,0,978,395,583,0,0,0.40,326.19
[00:05:56] ,player_stat,326.19,1,Team 1,Marrow,Sigma,15,5,2,6659.15,868.59,5790.57,0.00,0.00,0.00,5211.51,6131.19,3,4,2,2,2,1,1,2,0,0,48,0.11,0,0,0,978,434,544,0,0,0.44,326.19
[00:05:56] ,player_stat,326.19,1,Team 1,Lumen,Brigitte,7,2,2,2737.85,357.11,2380.74,4988.21,1496.46,498.82,2142.66,0.00,1,2,2,2,1,0,0,1,0,0,48,0.11,0,0,0,978,438,540,0,0,0.45,326.19
[00:05:56] ,player_stat,326.19,1,Team 2,Juniper,Illari,8,2,2,2808.82,366.37,2442.45,5117.51,1535.25,511.75,2198.20,0.00,2,2,2,2,1,0,0,1,0,0,42,0.11,0,0,0,978,379,599,0,0,0.39,326.19
[00:05:56] ,round_start,326.19,2,0,0,2,0
[00:06:56] ,hero_swap,386.19,Team 1,Marrow,Junker Queen,Sigma,0
[00:06:26] ,kill,356.19,Team 2,Cobalt,Mizuki,Team 1,Lumen,Brigitte,Primary Fire,150.88,False,0
[00:06:46] ,****,376.19,Team 2,Cobalt,Mizuki,Team 1,Ember,Reaper,Primary Fire,141.72,False,0
[00:07:06] ,kill,396.19,Team 2,Rook,Mauga,Team 1,Marrow,Junker Queen,Primary Fire,37.81,False,0
[00:07:26] ,kill,416.19,Team 2,Cobalt,Mizuki,Team 1,Lumen,Brigitte,Primary Fire,47.76,False,0
[00:07:46] ,****,436.19,Team 2,Cobalt,Mizuki,Team 1,Wren,Juno,Primary Fire,158.12,False,0
[00:12:39] ,round_end,729.77,2,0,1,3,0,100,0,0
[00:12:39] ,player_stat,729.77,2,Team 2,Rook,Mauga,31,11,6,13948.38,1819.35,12129.02,0.00,0.00,0.00,10916.12,12842.49,6,9,5,5,3,2,2,5,0,0,89,0.11,0,0,0,2189,805,1384,0,0,0.37,729.77
[00:12:39] ,player_stat,729.77,2,Team 1,Ember,Reaper,21,10,9,10659.40,1390.36,9269.05,292.71,87.81,29.27,8342.14,0.00,4,6,5,5,2,1,2,3,0,0,98,0.11,0,0,0,2189,884,1305,0,0,0.40,729.77
[00:12:39] ,player_stat,729.77,2,Team 1,Quill,Ashe,32,14,8,15664.77,2043.23,13621.54,430.15,129.05,43.02,12259.39,0.00,6,10,5,5,3,2,3,5,0,0,103,0.11,0,0,0,2189,928,1261,0,0,0.42,729.77
[00:12:39] ,player_stat,729.77,2,Team 2,Kestrel,Torbjörn,37,17,7,18269.66,2383.00,15886.66,501.68,150.51,50.17,14298.00,0.00,7,11,5,5,4,2,4,6,0,0,109,0.11,0,0,0,2189,989,1200,0,0,0.45,729.77
[00:12:39] ,player_stat,729.77,2,Team 2,Vesper,Pharah,35,16,6,17154.04,2237.48,14916.56,471.05,141.31,47.10,13424.90,0.00,7,10,5,5,3,2,4,5,0,0,97,0.11,0,0,0,2189,875,1314,0,0,0.40,729.77
[00:12:39] ,player_stat,729.77,2,Team 2,Cobalt,Mizuki,14,4,7,5305.31,692.00,4613.31,9665.99,2899.80,966.60,4151.98,0.00,3,4,5,5,2,0,1,2,0,0,83,0.11,0,0,0,2189,753,1436,0,0,0.34,729.77
[00:12:39] ,player_stat,729.77,2,Team 1,Wren,Juno,12,3,6,4627.68,603.61,4024.07,8431.39,2529.42,843.14,3621.66,0.00,2,4,5,5,2,0,0,2,0,0,98,0.11,0,0,0,2189,884,1305,0,0,0.40,729.77
[00:12:39] ,player_stat,729.77,2,Team 1,Marrow,Sigma,26,10,4,11673.36,1522.61,10150.75,0.00,0.00,0.00,9135.67,10747.85,5,8,4,4,3,1,2,4,0,0,89,0.11,0,0,0,1811,804,1007,0,0,0.44,603.69
[00:12:39] ,player_stat,729.77,2,Team 1,Marrow,Junker Queen,5,2,2,2027.91,264.51,1763.40,0.00,0.00,0.00,1587.06,1867.13,1,2,1,1,1,0,0,0,0,0,18,0.11,0,0,0,378,167,211,0,0,0.44,126.09
[00:12:39] ,player_stat,729.77,2,Team 1,Lumen,Brigitte,19,5,4,6974.23,909.68,6064.54,12706.66,3812.00,1270.67,5458.09,0.00,4,6,5,5,2,1,1,3,0,0,108,0.11,0,0,0,2189,980,1209,0,0,0.45,729.77
[00:12:39] ,player_stat,729.77,2,Team 2,Juniper,Illari,19,5,5,6924.89,903.25,6021.64,12616.77,3785.03,1261.68,5419.48,0.00,4,6,5,5,2,1,1,3,0,0,94,0.11,0,0,0,2189,849,1340,0,0,0.39,729.77
[00:12:40] ,match_end,729.77,2,1,3
