[00:00:00] ,match_start,0,Lijiang Tower,Control,Team 1,Team 2
[00:00:30] ,round_start,0.00,1,0,0,0,0
[00:01:00] ,****,30.00,Team 2,Tidal,Lúcio,Team 1,Vesper,Widowmaker,Primary Fire,54.62,False,0
[00:01:20] ,kill,50.00,Team 2,Sorrel,Junkrat,Team 1,Ember,Reaper,Primary Fire,84.60,False,0
[00:01:40] ,****,70.00,Team 1,Vesper,Widowmaker,Team 2,Cobalt,Bastion,Primary Fire,199.49,False,0
[00:02:00] ,kill,90.00,Team 2,Marrow,Winston,Team 1,Ember,Reaper,Primary Fire,161.72,False,0
[00:02:20] ,****,110.00,Team 2,Tidal,Lúcio,Team 1,Rook,Mauga,Primary Fire,113.50,False,0
[00:05:05] ,round_end,275.53,1,0,0,1,0,100,0,0
[00:05:05] ,player_stat,275.53,1,Team 1,Vesper,Widowmaker,9,4,3,4451.60,580.64,3870.95,122.24,36.67,12.22,3483.86,0.00,2,3,2,2,1,0,1,1,0,0,36,0.11,0,0,0,826,330,496,0,0,0.40,275.53
[00:05:05] ,player_stat,275.53,1,Team 1,PikeOnAlt,Zenyatta,6,2,2,2378.61,310.25,2068.36,4333.70,1300.11,433.37,1861.52,0.00,1,2,2,2,1,0,0,1,0,0,35,0.11,0,0,0,826,323,503,0,0,0.39,275.53
[00:05:05] ,player_stat,275.53,1,Team 2,Cobalt,Bastion,9,4,3,4506.06,587.75,3918.31,123.74,37.12,12.37,3526.48,0.00,2,3,2,2,1,0,1,1,0,0,31,0.11,0,0,0,826,287,539,0,0,0.35,275.53
[00:05:05] ,player_stat,275.53,1,Team 2,Juniper,Mercy,7,2,2,2580.35,336.57,2243.78,4701.26,1410.38,470.13,2019.40,0.00,1,2,2,2,1,0,0,1,0,0,35,0.11,0,0,0,826,320,506,0,0,0.39,275.53
[00:05:05] ,player_stat,275.53,1,Team 1,Ember,Reaper,12,5,3,5814.43,758.40,5056.03,159.66,47.90,15.97,4550.42,0.00,2,4,2,2,2,0,1,2,0,0,37,0.11,0,0,0,826,333,493,0,0,0.40,275.53
[00:05:05] ,player_stat,275.53,1,Team 2,Tidal,Lúcio,7,2,1,2586.17,337.33,2248.84,4711.85,1413.56,471.19,2023.96,0.00,1,2,2,2,1,0,0,1,0,0,38,0.11,0,0,0,826,343,483,0,0,0.42,275.53
[00:05:05] ,player_stat,275.53,1,Team 2,Sorrel,Junkrat,12,6,3,6109.73,796.92,5312.81,167.77,50.33,16.78,4781.53,0.00,2,4,2,2,2,0,1,2,0,0,37,0.11,0,0,0,826,337,489,0,0,0.41,275.53
[00:05:05] ,player_stat,275.53,1,Team 1,Rook,Mauga,8,3,3,3643.42,475.23,3168.19,0.00,0.00,0.00,2851.37,3354.55,2,2,2,2,1,0,0,1,0,0,33,0.11,0,0,0,826,303,523,0,0,0.37,275.53
[00:05:05] ,player_stat,275.53,1,Team 1,Halcyon,Moira,5,1,2,1871.61,244.12,1627.49,3409.98,1022.99,341.00,1464.74,0.00,1,2,2,2,1,0,0,0,0,0,32,0.11,0,0,0,826,294,532,0,0,0.36,275.53
[00:05:05] ,player_stat,275.53,1,Team 2,Marrow,Winston,20,7,1,8742.63,1140.34,7602.29,0.00,0.00,0.00,6842.06,8049.48,4,6,2,2,2,1,1,3,0,0,40,0.11,0,0,0,826,366,460,0,0,0.44,275.53
[00:05:05] ,round_start,275.53,2,0,0,1,0
[00:06:05] ,hero_swap,335.53,Team 1,Vesper,Symmetra,Widowmaker,0
[00:05:35] ,****,305.53,Team 1,Ember,Reaper,Team 2,Sorrel,Junkrat,Primary Fire,119.51,False,0
[00:05:55] ,kill,325.53,Team 1,Rook,Mauga,Team 2,Sorrel,Junkrat,Primary Fire,147.73,False,0
[00:06:15] ,****,345.53,Team 2,Juniper,Mercy,Team 1,Rook,Mauga,Primary Fire,77.18,False,0
[00:06:35] ,kill,365.53,Team 1,Vesper,Symmetra,Team 2,Sorrel,Junkrat,Primary Fire,99.43,False,0
[00:07:58] ,round_end,448.20,2,0,1,1,0,100,0,0
[00:07:58] ,player_stat,448.20,2,Team 1,Vesper,Widowmaker,12,6,4,6073.33,792.17,5281.16,166.77,50.03,16.68,4753.04,0.00,2,4,3,2,2,0,1,2,0,0,48,0.11,0,0,0,1082,432,650,0,0,0.40,360.92
[00:07:58] ,player_stat,448.20,2,Team 1,Vesper,Symmetra,4,2,1,1950.06,254.36,1695.70,53.55,16.06,5.35,1526.13,0.00,1,1,1,1,1,0,0,0,0,0,11,0.11,0,0,0,261,104,157,0,0,0.40,87.28
[00:07:58] ,player_stat,448.20,2,Team 1,PikeOnAlt,Zenyatta,11,3,3,4026.20,525.16,3501.04,7335.51,2200.65,733.55,3150.94,0.00,2,3,3,3,1,0,0,1,0,0,58,0.11,0,0,0,1344,526,818,0,0,0.39,448.20
[00:07:58] ,player_stat,448.20,2,Team 2,Cobalt,Bastion,14,6,6,7016.04,915.14,6100.90,192.66,57.80,19.27,5490.81,0.00,3,4,3,3,2,0,1,2,0,0,51,0.11,0,0,0,1344,467,877,0,0,0.35,448.20
[00:07:58] ,player_stat,448.20,2,Team 2,Juniper,Mercy,11,3,3,3953.41,515.66,3437.75,7202.91,2160.87,720.29,3093.98,0.00,2,3,3,3,1,0,0,1,0,0,57,0.11,0,0,0,1344,521,823,0,0,0.39,448.20
[00:07:58] ,player_stat,448.20,2,Team 1,Ember,Reaper,17,8,4,8497.01,1108.31,7388.71,233.33,70.00,23.33,6649.83,0.00,3,5,3,3,2,1,2,2,0,0,60,0.11,0,0,0,1344,542,802,0,0,0.40,448.20
[00:07:58] ,player_stat,448.20,2,Team 2,Tidal,Lúcio,12,3,3,4370.36,570.05,3800.31,7962.56,2388.77,796.26,3420.28,0.00,2,4,3,3,2,0,0,2,0,0,62,0.11,0,0,0,1344,559,785,0,0,0.42,448.20
[00:07:58] ,player_stat,448.20,2,Team 2,Sorrel,Junkrat,19,9,5,9332.94,1217.34,8115.60,256.28,76.88,25.63,7304.04,0.00,4,6,3,3,2,1,2,3,0,0,60,0.11,0,0,0,1344,548,796,0,0,0.41,448.20
[00:07:58] ,player_stat,448.20,2,Team 1,Rook,Mauga,15,5,5,6554.51,854.94,5699.57,0.00,0.00,0.00,5129.61,6034.84,3,4,3,3,2,1,1,2,0,0,54,0.11,0,0,0,1344,494,850,0,0,0.37,448.20
[00:07:58] ,player_stat,448.20,2,Team 1,Halcyon,Moira,8,2,4,3077.35,401.39,2675.96,5606.76,1682.03,560.68,2408.36,0.00,2,2,3,3,1,0,0,1,0,0,53,0.11,0,0,0,1344,478,866,0,0,0.36,448.20
[00:07:58] ,player_stat,448.20,2,Team 2,Marrow,Winston,27,10,3,11905.68,1552.92,10352.77,0.00,0.00,0.00,9317.49,10961.75,5,8,3,3,3,1,2,4,0,0,66,0.11,0,0,0,1344,596,748,0,0,0.44,448.20
[00:07:58] ,round_start,448.20,3,0,1,1,0
[00:08:58] ,hero_swap,508.20,Team 2,Marrow,D.Va,Winston,0
[00:08:28] ,****,478.20,Team 2,Juniper,Mercy,Team 1,Vesper,Symmetra,Primary Fire,68.80,False,0
[00:08:48] ,****,498.20,Team 1,Ember,Reaper,Team 2,Cobalt,Bastion,Primary Fire,39.66,False,0
[00:09:08] ,****,518.20,Team 2,Juniper,Mercy,Team 1,Rook,Mauga,Primary Fire,112.42,False,0
[00:09:28] ,****,538.20,Team 1,Vesper,Symmetra,Team 2,Tidal,Lúcio,Primary Fire,71.52,False,0
[00:12:13] ,round_end,703.03,3,0,1,2,0,100,0,0
[00:12:13] ,player_stat,703.03,3,Team 1,Vesper,Widowmaker,12,6,4,6073.33,792.17,5281.16,166.77,50.03,16.68,4753.04,0.00,2,4,3,2,2,0,1,2,0,0,48,0.11,0,0,0,1082,432,650,0,0,0.40,360.92
[00:12:13] ,player_stat,703.03,3,Team 1,Vesper,Symmetra,12,6,4,6090.53,794.42,5296.11,167.25,50.17,16.72,4766.50,0.00,2,4,2,2,2,0,1,2,0,0,45,0.11,0,0,0,1026,410,616,0,0,0.40,342.11
[00:12:13] ,player_stat,703.03,3,Team 1,PikeOnAlt,Zenyatta,16,4,5,5761.52,751.50,5010.02,10497.19,3149.16,1049.72,4509.02,0.00,3,5,5,5,2,1,1,2,0,0,91,0.11,0,0,0,2109,826,1283,0,0,0.39,703.03
[00:12:13] ,player_stat,703.03,3,Team 2,Cobalt,Bastion,26,12,8,13046.64,1701.74,11344.91,358.26,107.48,35.83,10210.42,0.00,5,8,5,5,3,1,3,4,0,0,81,0.11,0,0,0,2109,733,1376,0,0,0.35,703.03
[00:12:13] ,player_stat,703.03,3,Team 2,Juniper,Mercy,19,5,5,6986.12,911.23,6074.89,12728.34,3818.50,1272.83,5467.40,0.00,4,6,5,5,2,1,1,3,0,0,90,0.11,0,0,0,2109,818,1291,0,0,0.39,703.03
[00:12:13] ,player_stat,703.03,3,Team 1,Ember,Reaper,27,12,7,13443.77,1753.54,11690.23,369.17,110.75,36.92,10521.21,0.00,5,8,5,5,3,1,3,4,0,0,94,0.11,0,0,0,2109,852,1257,0,0,0.40,703.03
[00:12:13] ,player_stat,703.03,3,Team 2,Tidal,Lúcio,17,5,5,6490.31,846.56,5643.75,11825.00,3547.50,1182.50,5079.38,0.00,3,5,5,5,2,1,1,2,0,0,97,0.11,0,0,0,2109,877,1232,0,0,0.42,703.03
[00:12:13] ,player_stat,703.03,3,Team 2,Sorrel,Junkrat,36,16,7,17808.19,2322.81,15485.38,489.01,146.70,48.90,13936.85,0.00,7,11,5,5,4,2,4,6,0,0,95,0.11,0,0,0,2109,860,1249,0,0,0.41,703.03
[00:12:13] ,player_stat,703.03,3,Team 1,Rook,Mauga,24,9,7,10450.59,1363.12,9087.47,0.00,0.00,0.00,8178.73,9622.03,5,7,5,5,3,1,2,4,0,0,86,0.11,0,0,0,2109,776,1333,0,0,0.37,703.03
[00:12:13] ,player_stat,703.03,3,Team 1,Halcyon,Moira,13,3,7,4681.59,610.64,4070.94,8529.60,2558.88,852.96,3663.85,0.00,3,4,5,5,2,0,0,2,0,0,83,0.11,0,0,0,2109,750,1359,0,0,0.36,703.03
[00:12:13] ,player_stat,703.03,3,Team 2,Marrow,Winston,34,12,4,14949.88,1949.98,12999.89,0.00,0.00,0.00,11699.91,13764.59,7,10,4,4,3,2,3,5,0,0,80,0.11,0,0,0,1641,728,913,0,0,0.44,547.24
[00:12:13] ,player_stat,703.03,3,Team 2,Marrow,D.Va,8,3,1,3334.57,434.94,2899.62,0.00,0.00,0.00,2609.66,3070.19,2,2,1,1,1,0,0,1,0,0,23,0.11,0,0,0,467,207,260,0,0,0.44,155.79
[00:12:14] ,match_end,703.03,3,1,2
