[00:00:00] ,match_start,0,Antarctic Peninsula,Control,Team 1,Team 2
[00:00:30] ,round_start,0.00,1,0,0,0,0
[00:01:30] ,hero_swap,60.00,Team 1,Halcyon,Soldier: 76,Torbjörn,0
[00:01:30] ,hero_swap,60.00,Team 2,Sorrel,Hanzo,Echo,0
[00:01:00] ,****,30.00,Team 2,Sorrel,Hanzo,Team 1,Lumen,Kiriko,Primary Fire,53.22,False,0
[00:01:20] ,****,50.00,Team 1,Vesper,Pharah,Team 2,Kestrel,Sojourn,Primary Fire,119.20,False,0
[00:01:40] ,****,70.00,Team 2,Sorrel,Hanzo,Team 1,Halcyon,Soldier: 76,Primary Fire,39.30,False,0
[00:02:00] ,kill,90.00,Team 1,Bramble,Ana,Team 2,Rook,Roadhog,Primary Fire,108.99,False,0
[00:03:34] ,round_end,184.88,1,0,0,1,0,100,0,0
[00:03:34] ,player_stat,184.88,1,Team 2,Kestrel,Sojourn,9,4,2,4662.42,608.14,4054.28,128.03,38.41,12.80,3648.85,0.00,2,3,1,1,1,0,1,1,0,0,27,0.11,0,0,0,554,250,304,0,0,0.45,184.88
[00:03:34] ,player_stat,184.88,1,Team 1,Halcyon,Torbjörn,1,1,1,742.51,96.85,645.66,20.39,6.12,2.04,581.09,0.00,0,0,0,0,1,0,0,0,0,0,7,0.11,0,0,0,190,63,127,0,0,0.33,63.64
[00:03:34] ,player_stat,184.88,1,Team 1,Halcyon,Soldier: 76,4,2,2,1853.71,241.79,1611.92,50.90,15.27,5.09,1450.73,0.00,1,1,1,1,1,0,0,0,0,0,13,0.11,0,0,0,363,121,242,0,0,0.33,121.24
[00:03:34] ,player_stat,184.88,1,Team 2,Rook,Roadhog,7,2,2,2921.64,381.08,2540.55,0.00,0.00,0.00,2286.50,2690.00,1,2,1,1,1,0,0,1,0,0,22,0.11,0,0,0,554,203,351,0,0,0.37,184.88
[00:03:34] ,player_stat,184.88,1,Team 2,Sorrel,Echo,3,1,0,1244.38,162.31,1082.07,34.17,10.25,3.42,973.87,0.00,1,1,0,0,1,0,0,0,0,0,8,0.11,0,0,0,185,75,110,0,0,0.41,61.67
[00:03:34] ,player_stat,184.88,1,Team 2,Sorrel,Hanzo,5,2,1,2545.73,332.05,2213.68,69.91,20.97,6.99,1992.31,0.00,1,2,1,1,1,0,0,0,0,0,16,0.11,0,0,0,369,150,219,0,0,0.41,123.21
[00:03:34] ,player_stat,184.88,1,Team 1,Bramble,Ana,4,1,1,1559.98,203.48,1356.51,2842.21,852.66,284.22,1220.86,0.00,1,1,1,1,1,0,0,0,0,0,26,0.11,0,0,0,554,239,315,0,0,0.43,184.88
[00:03:34] ,player_stat,184.88,1,Team 1,Lumen,Kiriko,8,2,1,2793.24,364.34,2428.90,5089.13,1526.74,508.91,2186.01,0.00,2,2,1,1,1,0,0,1,0,0,27,0.11,0,0,0,554,248,306,0,0,0.45,184.88
[00:03:34] ,player_stat,184.88,1,Team 2,Pike,Moira,3,1,1,1270.00,165.65,1104.34,2313.86,694.16,231.39,993.91,0.00,1,1,1,1,1,0,0,0,0,0,24,0.11,0,0,0,554,217,337,0,0,0.39,184.88
[00:03:34] ,player_stat,184.88,1,Team 1,Vesper,Pharah,7,3,2,3396.15,442.98,2953.17,93.26,27.98,9.33,2657.86,0.00,1,2,1,1,1,0,0,1,0,0,24,0.11,0,0,0,554,221,333,0,0,0.40,184.88
[00:03:34] ,player_stat,184.88,1,Team 1,Marrow,D.Va,11,4,2,5035.82,656.85,4378.97,0.00,0.00,0.00,3941.07,4636.56,2,3,1,1,1,0,1,1,0,0,27,0.11,0,0,0,554,245,309,0,0,0.44,184.88
[00:03:34] ,player_stat,184.88,1,Team 2,Wren,Kiriko,5,1,1,1737.64,226.65,1510.99,3165.89,949.77,316.59,1359.89,0.00,1,2,1,1,1,0,0,0,0,0,24,0.11,0,0,0,554,223,331,0,0,0.40,184.88
[00:03:34] ,round_start,184.88,2,0,0,1,0
[00:04:34] ,hero_swap,244.88,Team 1,Bramble,Kiriko,Ana,0
[00:04:04] ,****,214.88,Team 1,Lumen,Kiriko,Team 2,Wren,Kiriko,Primary Fire,165.75,False,0
[00:04:24] ,kill,234.88,Team 1,Vesper,Pharah,Team 2,Wren,Kiriko,Primary Fire,121.70,False,0
[00:04:44] ,kill,254.88,Team 2,Sorrel,Hanzo,Team 1,Bramble,Kiriko,Primary Fire,44.63,False,0
[00:05:04] ,kill,274.88,Team 1,Lumen,Kiriko,Team 2,Rook,Roadhog,Primary Fire,60.05,False,0
[00:07:29] ,round_end,419.82,2,0,0,2,0,100,0,0
[00:07:29] ,player_stat,419.82,2,Team 2,Kestrel,Sojourn,21,10,4,10620.08,1385.23,9234.85,291.63,87.49,29.16,8311.37,0.00,4,6,3,3,2,1,2,3,0,0,63,0.11,0,0,0,1259,569,690,0,0,0.45,419.82
[00:07:29] ,player_stat,419.82,2,Team 1,Halcyon,Torbjörn,1,1,1,742.51,96.85,645.66,20.39,6.12,2.04,581.09,0.00,0,0,0,0,1,0,0,0,0,0,7,0.11,0,0,0,190,63,127,0,0,0.33,63.64
[00:07:29] ,player_stat,419.82,2,Team 1,Halcyon,Soldier: 76,11,5,6,5675.94,740.34,4935.60,155.86,46.76,15.59,4442.04,0.00,2,3,3,2,1,0,1,1,0,0,39,0.11,0,0,0,1068,358,710,0,0,0.34,356.18
[00:07:29] ,player_stat,419.82,2,Team 2,Rook,Roadhog,19,7,4,8485.07,1106.75,7378.32,0.00,0.00,0.00,6640.49,7812.34,4,6,3,3,2,1,1,3,0,0,51,0.11,0,0,0,1259,463,796,0,0,0.37,419.82
[00:07:29] ,player_stat,419.82,2,Team 2,Sorrel,Echo,3,1,0,1244.38,162.31,1082.07,34.17,10.25,3.42,973.87,0.00,1,1,0,0,1,0,0,0,0,0,8,0.11,0,0,0,185,75,110,0,0,0.41,61.67
[00:07:29] ,player_stat,419.82,2,Team 2,Sorrel,Hanzo,16,7,4,7986.16,1041.67,6944.49,219.30,65.79,21.93,6250.04,0.00,3,5,3,2,2,1,1,2,0,0,48,0.11,0,0,0,1074,438,636,0,0,0.41,358.15
[00:07:29] ,player_stat,419.82,2,Team 1,Bramble,Ana,7,2,3,2541.78,331.54,2210.24,4630.99,1389.30,463.10,1989.22,0.00,1,2,2,2,1,0,0,1,0,0,42,0.11,0,0,0,886,382,504,0,0,0.43,295.35
[00:07:29] ,player_stat,419.82,2,Team 1,Bramble,Kiriko,3,1,1,969.07,126.40,842.67,1765.60,529.68,176.56,758.41,0.00,1,1,1,1,1,0,0,0,0,0,17,0.11,0,0,0,373,161,212,0,0,0.43,124.48
[00:07:29] ,player_stat,419.82,2,Team 1,Lumen,Kiriko,13,3,3,4645.06,605.88,4039.18,8463.04,2538.91,846.30,3635.26,0.00,3,4,3,3,2,0,0,2,0,0,62,0.11,0,0,0,1259,564,695,0,0,0.45,419.82
[00:07:29] ,player_stat,419.82,2,Team 2,Pike,Moira,10,3,3,3633.41,473.92,3159.48,6619.87,1985.96,661.99,2843.53,0.00,2,3,3,3,1,0,0,1,0,0,54,0.11,0,0,0,1259,493,766,0,0,0.39,419.82
[00:07:29] ,player_stat,419.82,2,Team 1,Vesper,Pharah,14,6,5,6873.76,896.58,5977.18,188.75,56.63,18.88,5379.46,0.00,3,4,3,3,2,0,1,2,0,0,55,0.11,0,0,0,1259,503,756,0,0,0.40,419.82
[00:07:29] ,player_stat,419.82,2,Team 1,Marrow,D.Va,22,8,4,9870.15,1287.41,8582.74,0.00,0.00,0.00,7724.47,9087.61,4,7,3,3,2,1,2,3,0,0,62,0.11,0,0,0,1259,558,701,0,0,0.44,419.82
[00:07:29] ,player_stat,419.82,2,Team 2,Wren,Kiriko,9,2,3,3171.38,413.66,2757.72,5778.08,1733.42,577.81,2481.95,0.00,2,3,3,3,1,0,0,1,0,0,56,0.11,0,0,0,1259,508,751,0,0,0.40,419.82
[00:07:30] ,match_end,419.82,2,0,2
