[00:00:00] ,match_start,0,Havana,Escort,Team 1,Team 2
[00:00:30] ,round_start,0.00,1,0,0,0,0
[00:01:30] ,hero_swap,60.00,Team 2,Juniper,Illari,Ana,0
[00:01:30] ,hero_swap,60.00,Team 1,Halcyon,Torbjörn,Soldier: 76,0
[00:01:00] ,****,30.00,Team 1,Halcyon,Torbjörn,Team 2,Wren,Sombra,Primary Fire,149.88,False,0
[00:01:20] ,kill,50.00,Team 1,Rook,D.Mon,Team 2,Marrow,Domina,Primary Fire,39.31,False,0
[00:01:40] ,kill,70.00,Team 2,Bramble,Juno,Team 1,Tidal,Juno,Primary Fire,184.44,False,0
[00:06:28] ,round_end,358.14,1,0,3,0,0,100,0,0
[00:06:28] ,player_stat,358.14,1,Team 1,Kestrel,Sojourn,16,7,3,7999.47,1043.41,6956.06,219.67,65.90,21.97,6260.45,0.00,3,5,3,2,2,1,1,2,0,0,53,0.11,0,0,0,1074,485,589,0,0,0.45,358.14
[00:06:28] ,player_stat,358.14,1,Team 1,Rook,D.Mon,13,5,2,5679.09,740.75,4938.34,0.00,0.00,0.00,4444.51,5228.83,3,4,3,2,2,0,1,2,0,0,43,0.11,0,0,0,1074,395,679,0,0,0.37,358.14
[00:06:28] ,player_stat,358.14,1,Team 2,Marrow,Domina,15,5,3,6625.63,864.21,5761.42,0.00,0.00,0.00,5185.28,6100.33,3,4,3,2,2,1,1,2,0,0,52,0.11,0,0,0,1074,476,598,0,0,0.44,358.14
[00:06:28] ,player_stat,358.14,1,Team 2,Juniper,Ana,7,2,3,2621.17,341.89,2279.28,4775.63,1432.69,477.56,2051.35,0.00,1,2,2,2,1,0,0,1,0,0,31,0.11,0,0,0,732,284,448,0,0,0.39,244.32
[00:06:28] ,player_stat,358.14,1,Team 2,Juniper,Illari,2,1,1,916.85,119.59,797.26,1670.45,501.14,167.05,717.53,0.00,0,1,1,1,1,0,0,0,0,0,14,0.11,0,0,0,341,132,209,0,0,0.39,113.81
[00:06:28] ,player_stat,358.14,1,Team 2,Wren,Sombra,14,6,3,6785.53,885.07,5900.46,186.33,55.90,18.63,5310.41,0.00,3,4,3,2,2,0,1,2,0,0,46,0.11,0,0,0,1074,416,658,0,0,0.39,358.14
[00:06:28] ,player_stat,358.14,1,Team 1,Halcyon,Soldier: 76,5,2,2,2576.54,336.07,2240.47,70.75,21.23,7.08,2016.42,0.00,1,2,1,1,1,0,0,0,0,0,20,0.11,0,0,0,555,186,369,0,0,0.34,185.02
[00:06:28] ,player_stat,358.14,1,Team 1,Halcyon,Torbjörn,6,3,2,2756.20,359.50,2396.69,75.69,22.71,7.57,2157.02,0.00,1,2,1,1,1,0,0,1,0,0,19,0.11,0,0,0,519,174,345,0,0,0.34,173.12
[00:06:28] ,player_stat,358.14,1,Team 1,Lumen,Brigitte,11,3,3,4254.51,554.94,3699.58,7751.50,2325.45,775.15,3329.62,0.00,2,3,3,2,1,0,0,1,0,0,53,0.11,0,0,0,1074,481,593,0,0,0.45,358.14
[00:06:28] ,player_stat,358.14,1,Team 2,Bramble,Juno,8,2,3,2915.87,380.33,2535.54,5312.56,1593.77,531.26,2281.99,0.00,2,2,3,2,1,0,0,1,0,0,51,0.11,0,0,0,1074,463,611,0,0,0.43,358.14
[00:06:28] ,player_stat,358.14,1,Team 2,Vesper,Pharah,15,7,4,7349.96,958.69,6391.27,201.83,60.55,20.18,5752.14,0.00,3,4,3,2,2,1,1,2,0,0,47,0.11,0,0,0,1074,429,645,0,0,0.40,358.14
[00:06:28] ,player_stat,358.14,1,Team 1,Tidal,Juno,9,2,4,3447.21,449.64,2997.58,6280.64,1884.19,628.06,2697.82,0.00,2,3,3,2,1,0,0,1,0,0,49,0.11,0,0,0,1074,446,628,0,0,0.42,358.14
[00:06:28] ,round_start,358.14,2,0,3,0,0
[00:07:28] ,hero_swap,418.14,Team 2,Bramble,Ana,Juno,0
[00:06:58] ,****,388.14,Team 2,Wren,Sombra,Team 1,Halcyon,Torbjörn,Primary Fire,68.18,False,0
[00:07:18] ,****,408.14,Team 1,Halcyon,Torbjörn,Team 2,Vesper,Pharah,Primary Fire,53.43,False,0
[00:07:38] ,****,428.14,Team 1,Halcyon,Torbjörn,Team 2,Juniper,Illari,Primary Fire,31.66,False,0
[00:12:14] ,round_end,704.68,2,0,3,1,0,100,0,0
[00:12:14] ,player_stat,704.68,2,Team 1,Kestrel,Sojourn,45,20,5,22321.56,2911.51,19410.06,612.95,183.88,61.29,17469.05,0.00,9,14,5,5,4,3,5,7,0,0,106,0.11,0,0,0,2114,955,1159,0,0,0.45,704.68
[00:12:14] ,player_stat,704.68,2,Team 1,Rook,D.Mon,25,9,5,11264.84,1469.33,9795.51,0.00,0.00,0.00,8815.96,10371.72,5,8,5,5,3,1,2,4,0,0,86,0.11,0,0,0,2114,777,1337,0,0,0.37,704.68
[00:12:14] ,player_stat,704.68,2,Team 2,Marrow,Domina,33,12,5,14531.63,1895.43,12636.20,0.00,0.00,0.00,11372.58,13379.50,7,10,5,5,3,2,3,5,0,0,104,0.11,0,0,0,2114,938,1176,0,0,0.44,704.68
[00:12:14] ,player_stat,704.68,2,Team 2,Juniper,Ana,7,2,3,2621.17,341.89,2279.28,4775.63,1432.69,477.56,2051.35,0.00,1,2,2,2,1,0,0,1,0,0,31,0.11,0,0,0,732,284,448,0,0,0.39,244.32
[00:12:14] ,player_stat,704.68,2,Team 2,Juniper,Illari,8,2,4,3151.68,411.09,2740.59,5742.19,1722.66,574.22,2466.53,0.00,2,2,3,3,1,0,0,1,0,0,59,0.11,0,0,0,1381,535,846,0,0,0.39,460.36
[00:12:14] ,player_stat,704.68,2,Team 2,Wren,Sombra,27,12,8,13450.79,1754.45,11696.34,369.36,110.81,36.94,10526.70,0.00,5,8,5,5,3,1,3,4,0,0,91,0.11,0,0,0,2114,820,1294,0,0,0.39,704.68
[00:12:14] ,player_stat,704.68,2,Team 1,Halcyon,Soldier: 76,5,2,2,2576.54,336.07,2240.47,70.75,21.23,7.08,2016.42,0.00,1,2,1,1,1,0,0,0,0,0,20,0.11,0,0,0,555,186,369,0,0,0.34,185.02
[00:12:14] ,player_stat,704.68,2,Team 1,Halcyon,Torbjörn,15,7,6,7237.20,943.98,6293.22,198.73,59.62,19.87,5663.90,0.00,3,4,4,3,2,1,1,2,0,0,58,0.11,0,0,0,1558,523,1035,0,0,0.34,519.66
[00:12:14] ,player_stat,704.68,2,Team 1,Lumen,Brigitte,22,6,5,8058.00,1051.04,7006.96,14681.25,4404.38,1468.13,6306.26,0.00,4,7,5,5,2,1,1,3,0,0,105,0.11,0,0,0,2114,947,1167,0,0,0.45,704.68
[00:12:14] ,player_stat,704.68,2,Team 2,Bramble,Juno,10,3,4,3745.96,488.60,3257.36,6824.94,2047.48,682.49,2931.62,0.00,2,3,3,3,1,0,0,1,0,0,68,0.11,0,0,0,1426,616,810,0,0,0.43,475.46
[00:12:14] ,player_stat,704.68,2,Team 2,Bramble,Ana,5,1,2,1900.87,247.94,1652.93,3463.28,1038.98,346.33,1487.63,0.00,1,2,2,2,1,0,0,0,0,0,32,0.11,0,0,0,687,296,391,0,0,0.43,229.21
[00:12:14] ,player_stat,704.68,2,Team 2,Vesper,Pharah,25,12,7,12588.25,1641.95,10946.30,345.67,103.70,34.57,9851.67,0.00,5,8,5,5,3,1,3,4,0,0,93,0.11,0,0,0,2114,845,1269,0,0,0.40,704.68
[00:12:14] ,player_stat,704.68,2,Team 1,Tidal,Juno,20,5,6,7585.03,989.35,6595.68,13819.52,4145.86,1381.95,5936.11,0.00,4,6,5,5,2,1,1,3,0,0,97,0.11,0,0,0,2114,879,1235,0,0,0.42,704.68
[00:12:15] ,match_end,704.68,2,3,1
