[00:00:00] ,match_start,0,Watchpoint: Gibraltar,Escort,Team 1,Team 2
[00:00:30] ,round_start,0.00,1,0,0,0,0
[00:01:00] ,kill,30.00,Team 1,Rook,Mauga,Team 2,Marrow,Sigma,Primary Fire,78.53,False,0
[00:01:20] ,****,50.00,Team 2,Halcyon,Soldier: 76,Team 1,Bramble,Baptiste,Primary Fire,30.64,False,0
[00:01:40] ,kill,70.00,Team 2,Wren,Juno,Team 1,Juniper,Illari,Primary Fire,27.13,False,0
[00:06:32] ,round_end,362.79,1,0,0,3,0,100,0,0
[00:06:32] ,player_stat,362.79,1,Team 2,Ember,Reaper,17,8,2,8461.51,1103.67,7357.83,232.35,69.71,23.24,6622.05,0.00,3,5,3,2,2,1,2,2,0,0,48,0.11,0,0,0,1088,439,649,0,0,0.40,362.79
[00:06:32] ,player_stat,362.79,1,Team 2,Halcyon,Soldier: 76,13,6,5,6397.08,834.40,5562.68,175.66,52.70,17.57,5006.41,0.00,3,4,3,2,2,0,1,2,0,0,40,0.11,0,0,0,1088,365,723,0,0,0.34,362.79
[00:06:32] ,player_stat,362.79,1,Team 2,Marrow,Sigma,19,7,3,8596.09,1121.23,7474.86,0.00,0.00,0.00,6727.37,7914.56,4,6,3,2,2,1,1,3,0,0,53,0.11,0,0,0,1088,483,605,0,0,0.44,362.79
[00:06:32] ,player_stat,362.79,1,Team 1,Rook,Mauga,19,7,4,8236.96,1074.39,7162.58,0.00,0.00,0.00,6446.32,7583.90,4,6,3,2,2,1,1,3,0,0,44,0.11,0,0,0,1088,400,688,0,0,0.37,362.79
[00:06:32] ,player_stat,362.79,1,Team 1,Sorrel,Hanzo,12,6,4,6204.69,809.31,5395.38,170.38,51.11,17.04,4855.84,0.00,2,4,3,2,2,0,1,2,0,0,49,0.11,0,0,0,1088,443,645,0,0,0.41,362.79
[00:06:32] ,player_stat,362.79,1,Team 1,Bramble,Baptiste,10,3,2,3863.21,503.90,3359.32,7038.57,2111.57,703.86,3023.38,0.00,2,3,3,2,1,0,0,1,0,0,52,0.11,0,0,0,1088,470,618,0,0,0.43,362.79
[00:06:32] ,player_stat,362.79,1,Team 1,Vesper,Pharah,12,6,3,6201.75,808.92,5392.83,170.30,51.09,17.03,4853.54,0.00,2,4,3,2,2,0,1,2,0,0,48,0.11,0,0,0,1088,435,653,0,0,0.40,362.79
[00:06:32] ,player_stat,362.79,1,Team 2,Cobalt,Zenyatta,6,2,3,2104.12,274.45,1829.67,3833.60,1150.08,383.36,1646.70,0.00,1,2,3,2,1,0,0,1,0,0,41,0.11,0,0,0,1088,374,714,0,0,0.34,362.79
[00:06:32] ,player_stat,362.79,1,Team 2,Wren,Juno,9,2,3,3313.16,432.15,2881.01,6036.40,1810.92,603.64,2592.91,0.00,2,3,3,2,1,0,0,1,0,0,48,0.11,0,0,0,1088,439,649,0,0,0.40,362.79
[00:06:32] ,player_stat,362.79,1,Team 1,Juniper,Illari,8,2,3,2954.68,385.39,2569.29,5383.27,1614.98,538.33,2312.36,0.00,2,2,3,2,1,0,0,1,0,0,46,0.11,0,0,0,1088,422,666,0,0,0.39,362.79
[00:06:32] ,round_start,362.79,2,0,0,3,0
[00:07:02] ,****,392.79,Team 1,Juniper,Illari,Team 2,Halcyon,Soldier: 76,Primary Fire,194.45,False,0
[00:07:22] ,****,412.79,Team 1,Juniper,Illari,Team 2,Cobalt,Zenyatta,Primary Fire,130.82,False,0
[00:07:42] ,kill,432.79,Team 2,Halcyon,Soldier: 76,Team 1,Sorrel,Hanzo,Primary Fire,33.76,False,0
[00:12:14] ,round_end,704.90,2,0,2,3,0,100,0,0
[00:12:14] ,player_stat,704.90,2,Team 2,Ember,Reaper,31,14,5,15177.51,1979.67,13197.83,416.77,125.03,41.68,11878.05,0.00,6,9,5,5,3,2,3,5,0,0,94,0.11,0,0,0,2114,854,1260,0,0,0.40,704.90
[00:12:14] ,player_stat,704.90,2,Team 2,Halcyon,Soldier: 76,23,10,8,11333.11,1478.23,9854.88,311.21,93.36,31.12,8869.39,0.00,5,7,5,5,2,1,2,3,0,0,78,0.11,0,0,0,2114,710,1404,0,0,0.34,704.90
[00:12:14] ,player_stat,704.90,2,Team 2,Marrow,Sigma,39,14,6,17387.45,2267.93,15119.52,0.00,0.00,0.00,13607.57,16008.91,8,12,5,5,4,2,3,6,0,0,104,0.11,0,0,0,2114,938,1176,0,0,0.44,704.90
[00:12:14] ,player_stat,704.90,2,Team 1,Rook,Mauga,29,11,8,12903.62,1683.08,11220.54,0.00,0.00,0.00,10098.49,11880.57,6,9,5,5,3,1,2,4,0,0,86,0.11,0,0,0,2114,777,1337,0,0,0.37,704.90
[00:12:14] ,player_stat,704.90,2,Team 1,Sorrel,Hanzo,29,13,8,14251.18,1858.85,12392.33,391.34,117.40,39.13,11153.10,0.00,6,9,5,5,3,1,3,4,0,0,95,0.11,0,0,0,2114,862,1252,0,0,0.41,704.90
[00:12:14] ,player_stat,704.90,2,Team 1,Bramble,Baptiste,21,6,5,7923.34,1033.48,6889.86,14435.89,4330.77,1443.59,6200.87,0.00,4,6,5,5,2,1,1,3,0,0,101,0.11,0,0,0,2114,913,1201,0,0,0.43,704.90
[00:12:14] ,player_stat,704.90,2,Team 1,Vesper,Pharah,23,11,6,11581.11,1510.58,10070.53,318.02,95.41,31.80,9063.48,0.00,5,7,5,5,2,1,2,3,0,0,93,0.11,0,0,0,2114,845,1269,0,0,0.40,704.90
[00:12:14] ,player_stat,704.90,2,Team 2,Cobalt,Zenyatta,12,3,6,4378.36,571.09,3807.27,7977.14,2393.14,797.71,3426.54,0.00,2,4,5,5,2,0,0,2,0,0,80,0.11,0,0,0,2114,727,1387,0,0,0.34,704.90
[00:12:14] ,player_stat,704.90,2,Team 2,Wren,Juno,21,6,5,7912.80,1032.10,6880.69,14416.69,4325.01,1441.67,6192.62,0.00,4,6,5,5,2,1,1,3,0,0,94,0.11,0,0,0,2114,854,1260,0,0,0.40,704.90
[00:12:14] ,player_stat,704.90,2,Team 1,Juniper,Illari,13,4,8,5002.56,652.51,4350.05,9114.39,2734.32,911.44,3915.05,0.00,3,4,5,5,2,0,1,2,0,0,91,0.11,0,0,0,2114,820,1294,0,0,0.39,704.90
[00:12:15] ,match_end,704.90,2,2,3
