[00:00:00] ,match_start,0,Lijiang Tower,Control,Team 1,Team 2
[00:00:30] ,round_start,0.00,1,0,0,0,0
[00:01:00] ,kill,30.00,Team 2,Cobalt,Wrecking Ball,Team 1,Wren,Juno,Primary Fire,159.06,False,0
[00:01:20] ,****,50.00,Team 2,Vesper,Echo,Team 1,Halcyon,Soldier: 76,Primary Fire,164.65,False,0
[00:01:40] ,kill,70.00,Team 2,Cobalt,Wrecking Ball,Team 1,Halcyon,Soldier: 76,Primary Fire,137.15,False,0
[00:02:00] ,****,90.00,Team 2,Cobalt,Wrecking Ball,Team 1,Wren,Juno,Primary Fire,150.28,False,0
[00:02:20] ,****,110.00,Team 1,Marrow,Mauga,Team 2,Sorrel,Hanzo,Primary Fire,45.29,False,0
[00:02:40] ,****,130.00,Team 1,Halcyon,Soldier: 76,Team 2,Ember,Illari,Primary Fire,31.92,False,0
[00:03:29] ,round_end,179.30,1,0,1,0,0,100,0,0
[00:03:29] ,player_stat,179.30,1,Team 2,Cobalt,Wrecking Ball,7,2,1,3032.96,395.60,2637.35,0.00,0.00,0.00,2373.62,2792.49,1,2,1,1,1,0,0,1,0,0,24,0.11,0,0,0,537,219,318,0,0,0.41,179.30
[00:03:29] ,player_stat,179.30,1,Team 2,Sorrel,Hanzo,10,4,2,4830.36,630.05,4200.31,132.64,39.79,13.26,3780.28,0.00,2,3,1,1,1,0,1,1,0,0,24,0.11,0,0,0,537,219,318,0,0,0.41,179.30
[00:03:29] ,player_stat,179.30,1,Team 1,Halcyon,Soldier: 76,7,3,2,3562.12,464.62,3097.50,97.82,29.34,9.78,2787.75,0.00,1,2,1,1,1,0,0,1,0,0,20,0.11,0,0,0,537,180,357,0,0,0.34,179.30
[00:03:29] ,player_stat,179.30,1,Team 2,Lumen,Kiriko,5,1,1,1749.41,228.18,1521.22,3187.33,956.20,318.73,1369.10,0.00,1,2,1,1,1,0,0,0,0,0,26,0.11,0,0,0,537,240,297,0,0,0.45,179.30
[00:03:29] ,player_stat,179.30,1,Team 1,Marrow,Mauga,6,2,1,2754.65,359.30,2395.35,0.00,0.00,0.00,2155.81,2536.25,1,2,1,1,1,0,0,1,0,0,26,0.11,0,0,0,537,238,299,0,0,0.44,179.30
[00:03:29] ,player_stat,179.30,1,Team 1,Wren,Juno,6,2,2,2172.26,283.34,1888.92,3957.74,1187.32,395.77,1700.03,0.00,1,2,1,1,1,0,0,1,0,0,24,0.11,0,0,0,537,216,321,0,0,0.40,179.30
[00:03:29] ,player_stat,179.30,1,Team 2,Ember,Illari,4,1,2,1501.19,195.81,1305.39,2735.09,820.53,273.51,1174.85,0.00,1,1,1,1,1,0,0,0,0,0,22,0.11,0,0,0,537,204,333,0,0,0.38,179.30
[00:03:29] ,player_stat,179.30,1,Team 2,Vesper,Echo,9,4,2,4256.71,555.22,3701.48,116.89,35.07,11.69,3331.34,0.00,2,3,1,1,1,0,1,1,0,0,23,0.11,0,0,0,537,214,323,0,0,0.40,179.30
[00:03:29] ,player_stat,179.30,1,Team 1,Kestrel,Tracer,10,4,2,4841.81,631.54,4210.27,132.96,39.89,13.30,3789.25,0.00,2,3,1,1,1,0,1,1,0,0,26,0.11,0,0,0,537,242,295,0,0,0.45,179.30
[00:03:29] ,player_stat,179.30,1,Team 1,Bramble,Lúcio,6,2,1,2287.60,298.38,1989.21,4167.88,1250.36,416.79,1790.29,0.00,1,2,1,1,1,0,0,1,0,0,25,0.11,0,0,0,537,231,306,0,0,0.43,179.30
[00:03:29] ,round_start,179.30,2,0,1,0,0
[00:04:29] ,hero_swap,239.30,Team 2,Sorrel,Ashe,Hanzo,0
[00:03:59] ,****,209.30,Team 2,Cobalt,Wrecking Ball,Team 1,Kestrel,Tracer,Primary Fire,50.15,False,0
[00:04:19] ,****,229.30,Team 2,Lumen,Kiriko,Team 1,Bramble,Lúcio,Primary Fire,122.63,False,0
[00:04:39] ,kill,249.30,Team 2,Vesper,Echo,Team 1,Halcyon,Soldier: 76,Primary Fire,148.17,False,0
[00:04:59] ,kill,269.30,Team 2,Lumen,Kiriko,Team 1,Marrow,Mauga,Primary Fire,182.71,False,0
[00:06:22] ,round_end,352.55,2,0,1,1,0,100,0,0
[00:06:22] ,player_stat,352.55,2,Team 2,Cobalt,Wrecking Ball,14,5,3,6072.50,792.06,5280.43,0.00,0.00,0.00,4752.39,5591.05,3,4,3,2,2,0,1,2,0,0,47,0.11,0,0,0,1057,431,626,0,0,0.41,352.55
[00:06:22] ,player_stat,352.55,2,Team 2,Sorrel,Hanzo,15,7,3,7304.47,952.76,6351.71,200.58,60.17,20.06,5716.54,0.00,3,4,2,2,2,1,1,2,0,0,36,0.11,0,0,0,796,324,472,0,0,0.41,265.38
[00:06:22] ,player_stat,352.55,2,Team 2,Sorrel,Ashe,4,2,1,2094.98,273.26,1821.72,57.53,17.26,5.75,1639.55,0.00,1,1,1,1,1,0,0,0,0,0,11,0.11,0,0,0,261,106,155,0,0,0.41,87.17
[00:06:22] ,player_stat,352.55,2,Team 1,Halcyon,Soldier: 76,13,6,5,6476.55,844.77,5631.78,177.85,53.35,17.78,5068.60,0.00,3,4,3,2,2,0,1,2,0,0,39,0.11,0,0,0,1057,355,702,0,0,0.34,352.55
[00:06:22] ,player_stat,352.55,2,Team 2,Lumen,Kiriko,11,3,2,4142.55,540.33,3602.22,7547.50,2264.25,754.75,3242.00,0.00,2,3,3,2,1,0,0,1,0,0,52,0.11,0,0,0,1057,473,584,0,0,0.45,352.55
[00:06:22] ,player_stat,352.55,2,Team 1,Marrow,Mauga,13,5,3,5752.31,750.30,5002.01,0.00,0.00,0.00,4501.81,5296.25,3,4,3,2,2,0,1,2,0,0,52,0.11,0,0,0,1057,469,588,0,0,0.44,352.55
[00:06:22] ,player_stat,352.55,2,Team 1,Wren,Juno,10,3,4,3642.70,475.14,3167.57,6636.81,1991.04,663.68,2850.81,0.00,2,3,3,2,1,0,0,1,0,0,47,0.11,0,0,0,1057,427,630,0,0,0.40,352.55
[00:06:22] ,player_stat,352.55,2,Team 2,Ember,Illari,9,2,3,3159.28,412.08,2747.20,5756.04,1726.81,575.60,2472.48,0.00,2,3,3,2,1,0,0,1,0,0,44,0.11,0,0,0,1057,401,656,0,0,0.38,352.55
[00:06:22] ,player_stat,352.55,2,Team 2,Vesper,Echo,15,7,4,7411.49,966.72,6444.77,203.52,61.06,20.35,5800.30,0.00,3,4,3,2,2,1,1,2,0,0,46,0.11,0,0,0,1057,422,635,0,0,0.40,352.55
[00:06:22] ,player_stat,352.55,2,Team 1,Kestrel,Tracer,17,8,3,8366.15,1091.24,7274.91,229.73,68.92,22.97,6547.42,0.00,3,5,3,2,2,1,2,2,0,0,53,0.11,0,0,0,1057,477,580,0,0,0.45,352.55
[00:06:22] ,player_stat,352.55,2,Team 1,Bramble,Lúcio,14,4,2,5102.40,665.53,4436.87,9296.30,2788.89,929.63,3993.19,0.00,3,4,3,2,2,0,1,2,0,0,50,0.11,0,0,0,1057,456,601,0,0,0.43,352.55
[00:06:22] ,round_start,352.55,3,0,1,1,0
[00:07:22] ,hero_swap,412.55,Team 2,Sorrel,Hanzo,Ashe,0
[00:07:22] ,hero_swap,412.55,Team 1,Marrow,Reinhardt,Mauga,0
[00:06:52] ,****,382.55,Team 2,Vesper,Echo,Team 1,Bramble,Lúcio,Primary Fire,194.77,False,0
[00:07:12] ,kill,402.55,Team 1,Bramble,Lúcio,Team 2,Vesper,Echo,Primary Fire,61.85,False,0
[00:07:32] ,kill,422.55,Team 2,Sorrel,Hanzo,Team 1,Bramble,Lúcio,Primary Fire,158.04,False,0
[00:07:52] ,kill,442.55,Team 1,Kestrel,Tracer,Team 2,Vesper,Echo,Primary Fire,40.36,False,0
[00:08:12] ,****,462.55,Team 1,Bramble,Lúcio,Team 2,Ember,Illari,Primary Fire,34.00,False,0
[00:09:21] ,round_end,531.72,3,0,2,1,0,100,0,0
[00:09:21] ,player_stat,531.72,3,Team 2,Cobalt,Wrecking Ball,21,8,5,9267.97,1208.87,8059.10,0.00,0.00,0.00,7253.19,8533.17,4,6,4,4,2,1,2,3,0,0,72,0.11,0,0,0,1595,650,945,0,0,0.41,531.72
[00:09:21] ,player_stat,531.72,3,Team 2,Sorrel,Hanzo,18,8,3,8728.45,1138.49,7589.95,239.68,71.90,23.97,6830.96,0.00,4,5,2,2,2,1,2,3,0,0,45,0.11,0,0,0,998,407,591,0,0,0.41,332.96
[00:09:21] ,player_stat,531.72,3,Team 2,Sorrel,Ashe,8,4,2,3976.07,518.62,3457.45,109.18,32.75,10.92,3111.70,0.00,2,2,1,1,1,0,1,1,0,0,27,0.11,0,0,0,596,243,353,0,0,0.41,198.76
[00:09:21] ,player_stat,531.72,3,Team 1,Halcyon,Soldier: 76,17,8,6,8674.16,1131.41,7542.75,238.19,71.46,23.82,6788.48,0.00,3,5,4,4,2,1,2,2,0,0,59,0.11,0,0,0,1595,535,1060,0,0,0.34,531.72
[00:09:21] ,player_stat,531.72,3,Team 2,Lumen,Kiriko,17,4,4,6169.93,804.77,5365.16,11241.28,3372.38,1124.13,4828.64,0.00,3,5,4,4,2,1,1,2,0,0,79,0.11,0,0,0,1595,714,881,0,0,0.45,531.72
[00:09:21] ,player_stat,531.72,3,Team 1,Marrow,Mauga,19,7,3,8294.69,1081.92,7212.78,0.00,0.00,0.00,6491.50,7637.06,4,6,3,3,2,1,1,3,0,0,64,0.11,0,0,0,1301,577,724,0,0,0.44,433.68
[00:09:21] ,player_stat,531.72,3,Team 1,Marrow,Reinhardt,5,2,1,2056.89,268.29,1788.60,0.00,0.00,0.00,1609.74,1893.81,1,2,1,1,1,0,0,0,0,0,14,0.11,0,0,0,294,130,164,0,0,0.44,98.04
[00:09:21] ,player_stat,531.72,3,Team 1,Wren,Juno,14,4,6,5356.35,698.65,4657.70,9758.99,2927.70,975.90,4191.93,0.00,3,4,4,4,2,0,1,2,0,0,71,0.11,0,0,0,1595,644,951,0,0,0.40,531.72
[00:09:21] ,player_stat,531.72,3,Team 2,Ember,Illari,13,4,5,4877.90,636.25,4241.65,8887.27,2666.18,888.73,3817.49,0.00,3,4,4,4,2,0,1,2,0,0,67,0.11,0,0,0,1595,606,989,0,0,0.38,531.72
[00:09:21] ,player_stat,531.72,3,Team 2,Vesper,Echo,20,9,7,10134.45,1321.89,8812.57,278.29,83.49,27.83,7931.31,0.00,4,6,4,4,2,1,2,3,0,0,70,0.11,0,0,0,1595,638,957,0,0,0.40,531.72
[00:09:21] ,player_stat,531.72,3,Team 1,Kestrel,Tracer,25,11,5,12516.85,1632.63,10884.21,343.71,103.11,34.37,9795.79,0.00,5,8,4,4,3,1,2,4,0,0,80,0.11,0,0,0,1595,720,875,0,0,0.45,531.72
[00:09:21] ,player_stat,531.72,3,Team 1,Bramble,Lúcio,20,5,3,7407.90,966.25,6441.66,13496.80,4049.04,1349.68,5797.49,0.00,4,6,4,4,2,1,1,3,0,0,76,0.11,0,0,0,1595,689,906,0,0,0.43,531.72
[00:09:22] ,match_end,531.72,3,2,1
