[00:00:00] ,match_start,0,Eichenwalde,Hybrid,Team 1,Team 2
[00:00:30] ,round_start,0.00,1,0,0,0,0
[00:01:00] ,****,30.00,Team 1,Ember,Reinhardt,Team 2,Lumen,Ana,Primary Fire,37.65,False,0
[00:01:20] ,****,50.00,Team 2,Kestrel,Sojourn,Team 1,Wren,Venture,Primary Fire,165.90,False,0
[00:01:40] ,****,70.00,Team 2,Kestrel,Sojourn,Team 1,Ember,Reinhardt,Primary Fire,187.65,False,0
[00:07:37] ,round_end,427.09,1,0,0,3,0,100,0,0
[00:07:37] ,player_stat,427.09,1,Team 2,Lumen,Ana,13,3,3,4668.53,608.94,4059.59,8505.81,2551.74,850.58,3653.63,0.00,3,4,3,3,2,0,0,2,0,0,63,0.11,0,0,0,1281,573,708,0,0,0.45,427.09
[00:07:37] ,player_stat,427.09,1,Team 1,Fennel,Baptiste,9,2,4,3202.65,417.74,2784.91,5835.05,1750.51,583.50,2506.42,0.00,2,3,3,3,1,0,0,1,0,0,53,0.11,0,0,0,1281,481,800,0,0,0.38,427.09
[00:07:37] ,player_stat,427.09,1,Team 2,Cobalt,Doomfist,22,8,3,9902.98,1291.69,8611.29,0.00,0.00,0.00,7750.16,9117.84,4,7,3,3,2,1,2,3,0,0,58,0.11,0,0,0,1281,522,759,0,0,0.41,427.09
[00:07:37] ,player_stat,427.09,1,Team 1,Ember,Reinhardt,26,9,4,11602.53,1513.37,10089.16,0.00,0.00,0.00,9080.24,10682.64,5,8,3,3,3,1,2,4,0,0,59,0.11,0,0,0,1281,532,749,0,0,0.42,427.09
[00:07:37] ,player_stat,427.09,1,Team 1,Wren,Venture,16,7,4,7899.58,1030.38,6869.20,216.92,65.08,21.69,6182.28,0.00,3,5,3,3,2,1,1,2,0,0,55,0.11,0,0,0,1281,497,784,0,0,0.39,427.09
[00:07:37] ,player_stat,427.09,1,Team 1,PikeOnAlt,Moira,9,3,5,3482.90,454.29,3028.61,6345.66,1903.70,634.57,2725.75,0.00,2,3,3,3,1,0,0,1,0,0,55,0.11,0,0,0,1281,502,779,0,0,0.39,427.09
[00:07:37] ,player_stat,427.09,1,Team 2,Bramble,Ana,13,3,3,4687.54,611.42,4076.12,8540.44,2562.13,854.04,3668.51,0.00,3,4,3,3,2,0,0,2,0,0,61,0.11,0,0,0,1281,553,728,0,0,0.43,427.09
[00:07:37] ,player_stat,427.09,1,Team 2,Kestrel,Sojourn,20,9,3,10039.44,1309.49,8729.95,275.68,82.70,27.57,7856.95,0.00,4,6,3,3,2,1,2,3,0,0,64,0.11,0,0,0,1281,579,702,0,0,0.45,427.09
[00:07:37] ,player_stat,427.09,1,Team 1,Halcyon,Soldier: 76,15,7,7,7223.20,942.16,6281.04,198.35,59.50,19.83,5652.94,0.00,3,4,3,3,2,1,1,2,0,0,47,0.11,0,0,0,1281,430,851,0,0,0.34,427.09
[00:07:37] ,player_stat,427.09,1,Team 2,Vesper,Pharah,14,7,3,7105.12,926.75,6178.36,195.11,58.53,19.51,5560.52,0.00,3,4,3,3,2,0,1,2,0,0,56,0.11,0,0,0,1281,512,769,0,0,0.40,427.09
[00:07:37] ,round_start,427.09,2,0,0,3,0
[00:08:07] ,****,457.09,Team 1,PikeOnAlt,Moira,Team 2,Kestrel,Sojourn,Primary Fire,168.53,False,0
[00:08:27] ,kill,477.09,Team 1,PikeOnAlt,Moira,Team 2,Vesper,Pharah,Primary Fire,126.85,False,0
[00:08:47] ,kill,497.09,Team 1,Ember,Reinhardt,Team 2,Cobalt,Doomfist,Primary Fire,161.75,False,0
[00:13:03] ,round_end,753.54,2,0,1,3,0,100,0,0
[00:13:03] ,player_stat,753.54,2,Team 2,Lumen,Ana,24,7,5,9065.54,1182.46,7883.08,16516.92,4955.08,1651.69,7094.77,0.00,5,7,5,5,3,1,1,4,0,0,112,0.11,0,0,0,2260,1012,1248,0,0,0.45,753.54
[00:13:03] ,player_stat,753.54,2,Team 1,Fennel,Baptiste,16,4,7,5812.38,758.14,5054.24,10589.84,3176.95,1058.98,4548.82,0.00,3,5,5,5,2,1,1,2,0,0,94,0.11,0,0,0,2260,849,1411,0,0,0.38,753.54
[00:13:03] ,player_stat,753.54,2,Team 2,Cobalt,Doomfist,41,15,5,18244.24,2379.68,15864.56,0.00,0.00,0.00,14278.10,16797.77,8,12,5,5,4,2,3,6,0,0,102,0.11,0,0,0,2260,922,1338,0,0,0.41,753.54
[00:13:03] ,player_stat,753.54,2,Team 1,Ember,Reinhardt,39,14,7,17447.49,2275.76,15171.73,0.00,0.00,0.00,13654.56,16064.18,8,12,5,5,4,2,3,6,0,0,104,0.11,0,0,0,2260,940,1320,0,0,0.42,753.54
[00:13:03] ,player_stat,753.54,2,Team 1,Wren,Venture,30,14,8,14942.72,1949.05,12993.67,410.33,123.10,41.03,11694.31,0.00,6,9,5,5,3,2,3,5,0,0,97,0.11,0,0,0,2260,876,1384,0,0,0.39,753.54
[00:13:03] ,player_stat,753.54,2,Team 1,PikeOnAlt,Moira,18,5,8,6680.33,871.35,5808.99,12171.21,3651.36,1217.12,5228.09,0.00,4,5,5,5,2,1,1,3,0,0,98,0.11,0,0,0,2260,885,1375,0,0,0.39,753.54
[00:13:03] ,player_stat,753.54,2,Team 2,Bramble,Ana,24,7,4,8990.09,1172.62,7817.47,16379.45,4913.84,1637.95,7035.72,0.00,5,7,5,5,3,1,1,4,0,0,108,0.11,0,0,0,2260,976,1284,0,0,0.43,753.54
[00:13:03] ,player_stat,753.54,2,Team 2,Kestrel,Sojourn,34,15,5,16756.78,2185.67,14571.11,460.14,138.04,46.01,13114.00,0.00,7,10,5,5,3,2,3,5,0,0,113,0.11,0,0,0,2260,1021,1239,0,0,0.45,753.54
[00:13:03] ,player_stat,753.54,2,Team 1,Halcyon,Soldier: 76,24,11,11,11857.74,1546.66,10311.08,325.61,97.68,32.56,9279.97,0.00,5,7,5,5,3,1,2,4,0,0,84,0.11,0,0,0,2260,759,1501,0,0,0.34,753.54
[00:13:03] ,player_stat,753.54,2,Team 2,Vesper,Pharah,28,13,6,13786.98,1798.30,11988.68,378.59,113.58,37.86,10789.81,0.00,6,8,5,5,3,1,3,4,0,0,100,0.11,0,0,0,2260,904,1356,0,0,0.40,753.54
[00:13:04] ,match_end,753.54,2,1,3
