[00:00:00] ,match_start,0,Colosseo,Push,Team 1,Team 2
[00:00:30] ,round_start,0.00,1,0,0,0,0
[00:01:00] ,****,30.00,Team 2,Lumen,Kiriko,Team 1,Halcyon,Soldier: 76,Primary Fire,181.80,False,0
[00:01:20] ,kill,50.00,Team 1,Sorrel,Widowmaker,Team 2,Cobalt,Zenyatta,Primary Fire,192.81,False,0
[00:01:40] ,kill,70.00,Team 2,Marrow,Sigma,Team 1,Halcyon,Soldier: 76,Primary Fire,141.48,False,0
[00:06:29] ,round_end,359.71,1,0,0,1,0,100,0,0
[00:06:29] ,player_stat,359.71,1,Team 2,Ember,Reaper,18,8,4,9028.67,1177.65,7851.02,247.93,74.38,24.79,7065.92,0.00,4,5,3,2,2,1,2,3,0,0,48,0.11,0,0,0,1079,435,644,0,0,0.40,359.71
[00:06:29] ,player_stat,359.71,1,Team 1,Halcyon,Soldier: 76,11,5,5,5322.08,694.18,4627.89,146.14,43.84,14.61,4165.10,0.00,2,3,3,2,1,0,1,1,0,0,40,0.11,0,0,0,1079,362,717,0,0,0.34,359.71
[00:06:29] ,player_stat,359.71,1,Team 2,Lumen,Kiriko,9,3,2,3481.62,454.12,3027.49,6343.32,1902.99,634.33,2724.74,0.00,2,3,3,2,1,0,0,1,0,0,53,0.11,0,0,0,1079,483,596,0,0,0.45,359.71
[00:06:29] ,player_stat,359.71,1,Team 2,Cobalt,Zenyatta,8,2,2,2892.98,377.35,2515.64,5270.86,1581.26,527.09,2264.07,0.00,2,2,3,2,1,0,0,1,0,0,41,0.11,0,0,0,1079,371,708,0,0,0.34,359.71
[00:06:29] ,player_stat,359.71,1,Team 1,Tidal,Lúcio,8,2,3,2877.52,375.33,2502.19,5242.68,1572.80,524.27,2251.97,0.00,2,2,3,2,1,0,0,1,0,0,49,0.11,0,0,0,1079,448,631,0,0,0.42,359.71
[00:06:29] ,player_stat,359.71,1,Team 1,Sorrel,Widowmaker,14,6,4,6807.39,887.92,5919.47,186.93,56.08,18.69,5327.52,0.00,3,4,3,2,2,0,1,2,0,0,48,0.11,0,0,0,1079,440,639,0,0,0.41,359.71
[00:06:29] ,player_stat,359.71,1,Team 2,Vesper,Junkrat,21,9,2,10244.33,1336.22,8908.11,281.31,84.39,28.13,8017.30,0.00,4,6,3,2,2,1,2,3,0,0,47,0.11,0,0,0,1079,431,648,0,0,0.40,359.71
[00:06:29] ,player_stat,359.71,1,Team 2,Marrow,Sigma,18,7,2,8090.99,1055.35,7035.65,0.00,0.00,0.00,6332.08,7449.51,4,5,3,2,2,1,1,3,0,0,53,0.11,0,0,0,1079,479,600,0,0,0.44,359.71
[00:06:29] ,player_stat,359.71,1,Team 1,Rook,Ramattra,8,3,3,3449.77,449.97,2999.80,0.00,0.00,0.00,2699.82,3176.26,2,2,3,2,1,0,0,1,0,0,44,0.11,0,0,0,1079,397,682,0,0,0.37,359.71
[00:06:29] ,player_stat,359.71,1,Team 1,Quill,Mercy,7,2,3,2601.12,339.28,2261.85,4739.10,1421.73,473.91,2035.66,0.00,1,2,3,2,1,0,0,1,0,0,47,0.11,0,0,0,1079,427,652,0,0,0.40,359.71
[00:06:30] ,match_end,359.71,1,0,1
