[00:00:00] ,match_start,0,Eichenwalde,Hybrid,Team 1,Team 2
[00:00:30] ,round_start,0.00,1,0,0,0,0
[00:01:30] ,hero_swap,60.00,Team 2,Rook,Mauga,Roadhog,0
[00:01:00] ,kill,30.00,Team 1,Bramble,Baptiste,Team 2,Quill,Zenyatta,Primary Fire,136.50,False,0
[00:01:20] ,kill,50.00,Team 1,Tidal,Juno,Team 2,Kestrel,Sojourn,Primary Fire,135.48,False,0
[00:01:40] ,kill,70.00,Team 2,Wren,Venture,Team 1,Ember,Reaper,Primary Fire,37.62,False,0
[00:02:00] ,****,90.00,Team 2,PikeOnAlt,Moira,Team 1,Halcyon,Soldier: 76,Primary Fire,96.24,False,0
[00:08:10] ,round_end,460.63,1,0,0,3,0,100,0,0
[00:08:10] ,player_stat,460.63,1,Team 1,Cobalt,Wrecking Ball,19,7,5,8336.51,1087.37,7249.14,0.00,0.00,0.00,6524.22,7675.56,4,6,3,3,2,1,1,3,0,0,62,0.11,0,0,0,1381,563,818,0,0,0.41,460.63
[00:08:10] ,player_stat,460.63,1,Team 1,Halcyon,Soldier: 76,12,5,8,5740.25,748.73,4991.52,157.63,47.29,15.76,4492.37,0.00,2,4,3,3,2,0,1,2,0,0,51,0.11,0,0,0,1381,464,917,0,0,0.34,460.63
[00:08:10] ,player_stat,460.63,1,Team 1,Tidal,Juno,10,3,4,3809.83,496.93,3312.89,6941.30,2082.39,694.13,2981.61,0.00,2,3,3,3,1,0,0,1,0,0,63,0.11,0,0,0,1381,574,807,0,0,0.42,460.63
[00:08:10] ,player_stat,460.63,1,Team 1,Bramble,Baptiste,12,3,3,4277.66,557.96,3719.70,7793.66,2338.10,779.37,3347.73,0.00,2,4,3,3,2,0,0,2,0,0,66,0.11,0,0,0,1381,596,785,0,0,0.43,460.63
[00:08:10] ,player_stat,460.63,1,Team 2,Wren,Venture,22,10,5,10859.62,1416.47,9443.15,298.20,89.46,29.82,8498.84,0.00,4,7,3,3,2,1,2,3,0,0,59,0.11,0,0,0,1381,535,846,0,0,0.39,460.63
[00:08:10] ,player_stat,460.63,1,Team 1,Ember,Reaper,19,9,4,9357.45,1220.54,8136.91,256.96,77.09,25.70,7323.22,0.00,4,6,3,3,2,1,2,3,0,0,61,0.11,0,0,0,1381,557,824,0,0,0.40,460.63
[00:08:10] ,player_stat,460.63,1,Team 2,PikeOnAlt,Moira,12,3,4,4616.46,602.15,4014.31,8410.94,2523.28,841.09,3612.88,0.00,2,4,3,3,2,0,0,2,0,0,60,0.11,0,0,0,1381,541,840,0,0,0.39,460.63
[00:08:10] ,player_stat,460.63,1,Team 2,Rook,Roadhog,12,4,2,5318.89,693.77,4625.13,0.00,0.00,0.00,4162.61,4897.19,2,4,2,1,2,0,1,2,0,0,27,0.11,0,0,0,671,246,425,0,0,0.37,223.67
[00:08:10] ,player_stat,460.63,1,Team 2,Rook,Mauga,8,3,2,3522.40,459.44,3062.96,0.00,0.00,0.00,2756.66,3243.13,2,2,2,2,1,0,0,1,0,0,29,0.11,0,0,0,710,261,449,0,0,0.37,236.97
[00:08:10] ,player_stat,460.63,1,Team 2,Quill,Zenyatta,11,3,3,4270.02,556.96,3713.06,7779.75,2333.93,777.98,3341.76,0.00,2,3,3,3,1,0,0,1,0,0,60,0.11,0,0,0,1381,546,835,0,0,0.40,460.63
[00:08:10] ,player_stat,460.63,1,Team 2,Kestrel,Sojourn,25,11,3,12545.08,1636.31,10908.76,344.49,103.35,34.45,9817.89,0.00,5,8,3,3,3,1,2,4,0,0,69,0.11,0,0,0,1381,624,757,0,0,0.45,460.63
[00:08:10] ,round_start,460.63,2,0,0,3,0
[00:09:10] ,hero_swap,520.63,Team 1,Tidal,Baptiste,Juno,0
[00:08:40] ,****,490.63,Team 1,Ember,Reaper,Team 2,Quill,Zenyatta,Primary Fire,60.40,False,0
[00:09:00] ,kill,510.63,Team 1,Tidal,Baptiste,Team 2,Kestrel,Sojourn,Primary Fire,192.95,False,0
[00:09:20] ,kill,530.63,Team 2,Kestrel,Sojourn,Team 1,Halcyon,Soldier: 76,Primary Fire,32.40,False,0
[00:09:40] ,kill,550.63,Team 1,Halcyon,Soldier: 76,Team 2,PikeOnAlt,Moira,Primary Fire,149.73,False,0
[00:10:00] ,kill,570.63,Team 1,Halcyon,Soldier: 76,Team 2,Wren,Venture,Primary Fire,169.53,False,0
[00:10:20] ,kill,590.63,Team 1,Bramble,Baptiste,Team 2,PikeOnAlt,Moira,Primary Fire,156.78,False,0
[00:13:34] ,round_end,784.56,2,0,2,3,0,100,0,0
[00:13:34] ,player_stat,784.56,2,Team 1,Cobalt,Wrecking Ball,28,10,7,12584.18,1641.42,10942.77,0.00,0.00,0.00,9848.49,11586.46,6,8,6,5,3,1,2,4,0,0,106,0.11,0,0,0,2353,960,1393,0,0,0.41,784.56
[00:13:34] ,player_stat,784.56,2,Team 1,Halcyon,Soldier: 76,22,10,12,10809.38,1409.92,9399.46,296.83,89.05,29.68,8459.51,0.00,4,7,6,5,2,1,2,3,0,0,87,0.11,0,0,0,2353,790,1563,0,0,0.34,784.56
[00:13:34] ,player_stat,784.56,2,Team 1,Tidal,Juno,12,3,5,4615.10,601.97,4013.13,8408.46,2522.54,840.85,3611.81,0.00,2,4,4,4,2,0,0,2,0,0,78,0.11,0,0,0,1688,702,986,0,0,0.42,562.76
[00:13:34] ,player_stat,784.56,2,Team 1,Tidal,Baptiste,6,2,1,2109.83,275.20,1834.63,3844.00,1153.20,384.40,1651.17,0.00,1,2,2,1,1,0,0,1,0,0,30,0.11,0,0,0,665,276,389,0,0,0.42,221.81
[00:13:34] ,player_stat,784.56,2,Team 1,Bramble,Baptiste,21,6,6,7953.88,1037.46,6916.42,14491.54,4347.46,1449.15,6224.78,0.00,4,6,6,5,2,1,1,3,0,0,112,0.11,0,0,0,2353,1016,1337,0,0,0.43,784.56
[00:13:34] ,player_stat,784.56,2,Team 2,Wren,Venture,35,16,7,17198.17,2243.24,14954.93,472.26,141.68,47.23,13459.44,0.00,7,10,6,5,3,2,4,5,0,0,101,0.11,0,0,0,2353,912,1441,0,0,0.39,784.56
[00:13:34] ,player_stat,784.56,2,Team 1,Ember,Reaper,32,15,7,16088.61,2098.51,13990.10,441.79,132.54,44.18,12591.09,0.00,6,10,6,5,3,2,3,5,0,0,105,0.11,0,0,0,2353,950,1403,0,0,0.40,784.56
[00:13:34] ,player_stat,784.56,2,Team 2,PikeOnAlt,Moira,21,6,7,7968.35,1039.35,6929.00,14517.90,4355.37,1451.79,6236.10,0.00,4,6,6,5,2,1,1,3,0,0,102,0.11,0,0,0,2353,922,1431,0,0,0.39,784.56
[00:13:34] ,player_stat,784.56,2,Team 2,Rook,Roadhog,12,4,2,5318.89,693.77,4625.13,0.00,0.00,0.00,4162.61,4897.19,2,4,2,1,2,0,1,2,0,0,27,0.11,0,0,0,671,246,425,0,0,0.37,223.67
[00:13:34] ,player_stat,784.56,2,Team 2,Rook,Mauga,18,6,6,7790.51,1016.15,6774.36,0.00,0.00,0.00,6096.92,7172.85,4,5,4,4,2,1,1,3,0,0,68,0.11,0,0,0,1682,618,1064,0,0,0.37,560.90
[00:13:34] ,player_stat,784.56,2,Team 2,Quill,Zenyatta,21,6,6,7860.75,1025.32,6835.44,14321.87,4296.56,1432.19,6151.89,0.00,4,6,6,5,2,1,1,3,0,0,103,0.11,0,0,0,2353,931,1422,0,0,0.40,784.56
[00:13:34] ,player_stat,784.56,2,Team 2,Kestrel,Sojourn,44,20,6,21981.49,2867.15,19114.34,603.61,181.08,60.36,17202.91,0.00,9,13,6,5,4,2,5,7,0,0,118,0.11,0,0,0,2353,1063,1290,0,0,0.45,784.56
[00:13:35] ,match_end,784.56,2,2,3
