[00:00:00] ,match_start,0,New Junk City,Flashpoint,Team 1,Team 2
[00:00:30] ,round_start,0.00,1,0,0,0,0
[00:01:30] ,hero_swap,60.00,Team 1,Cobalt,Zarya,Hazard,0
[00:01:30] ,hero_swap,60.00,Team 1,Juniper,Mercy,Lúcio,0
[00:01:30] ,hero_swap,60.00,Team 2,Fennel,Baptiste,Lifeweaver,0
[00:01:00] ,kill,30.00,Team 2,Quill,Zenyatta,Team 1,Vesper,Junkrat,Primary Fire,105.96,False,0
[00:01:20] ,kill,50.00,Team 2,Kestrel,Genji,Team 1,Juniper,Mercy,Primary Fire,101.57,False,0
[00:01:40] ,kill,70.00,Team 2,Quill,Zenyatta,Team 1,Juniper,Mercy,Primary Fire,43.74,False,0
[00:02:00] ,kill,90.00,Team 2,Fennel,Baptiste,Team 1,Cobalt,Zarya,Primary Fire,159.35,False,0
[00:02:20] ,kill,110.00,Team 2,Sorrel,Hanzo,Team 1,Wren,Juno,Primary Fire,36.18,False,0
[00:07:50] ,round_end,440.20,1,0,0,1,0,100,0,0
[00:07:50] ,player_stat,440.20,1,Team 1,Cobalt,Hazard,9,3,2,3967.43,517.49,3449.94,0.00,0.00,0.00,3104.95,3652.88,2,3,2,2,1,0,0,1,0,0,31,0.11,0,0,0,700,285,415,0,0,0.41,233.39
[00:07:50] ,player_stat,440.20,1,Team 1,Cobalt,Zarya,8,3,3,3412.11,445.06,2967.05,0.00,0.00,0.00,2670.34,3141.58,2,2,1,1,1,0,0,1,0,0,28,0.11,0,0,0,620,252,368,0,0,0.41,206.81
[00:07:50] ,player_stat,440.20,1,Team 1,Juniper,Lúcio,3,1,2,1135.98,148.17,987.81,2069.70,620.91,206.97,889.03,0.00,1,1,1,1,1,0,0,0,0,0,21,0.11,0,0,0,508,197,311,0,0,0.39,169.43
[00:07:50] ,player_stat,440.20,1,Team 1,Juniper,Mercy,5,1,2,1870.75,244.01,1626.74,3408.41,1022.52,340.84,1464.07,0.00,1,2,2,2,1,0,0,0,0,0,35,0.11,0,0,0,812,315,497,0,0,0.39,270.77
[00:07:50] ,player_stat,440.20,1,Team 1,Halcyon,Soldier: 76,12,5,7,5876.26,766.47,5109.79,161.36,48.41,16.14,4598.81,0.00,2,4,3,3,2,0,1,2,0,0,49,0.11,0,0,0,1320,443,877,0,0,0.34,440.20
[00:07:50] ,player_stat,440.20,1,Team 1,Wren,Juno,12,3,4,4643.54,605.68,4037.86,8460.28,2538.09,846.03,3634.08,0.00,2,4,3,3,2,0,0,2,0,0,59,0.11,0,0,0,1320,533,787,0,0,0.40,440.20
[00:07:50] ,player_stat,440.20,1,Team 2,Marrow,Winston,18,7,3,8128.15,1060.19,7067.96,0.00,0.00,0.00,6361.16,7483.72,4,5,3,3,2,1,1,3,0,0,65,0.11,0,0,0,1320,586,734,0,0,0.44,440.20
[00:07:50] ,player_stat,440.20,1,Team 2,Sorrel,Hanzo,19,9,4,9567.39,1247.92,8319.47,262.72,78.82,26.27,7487.52,0.00,4,6,3,3,2,1,2,3,0,0,59,0.11,0,0,0,1320,538,782,0,0,0.41,440.20
[00:07:50] ,player_stat,440.20,1,Team 2,Kestrel,Genji,15,7,3,7352.70,959.05,6393.65,201.90,60.57,20.19,5754.28,0.00,3,4,3,3,2,1,1,2,0,0,66,0.11,0,0,0,1320,596,724,0,0,0.45,440.20
[00:07:50] ,player_stat,440.20,1,Team 2,Fennel,Lifeweaver,4,1,1,1546.21,201.68,1344.53,2817.11,845.13,281.71,1210.08,0.00,1,1,1,1,1,0,0,0,0,0,19,0.11,0,0,0,478,179,299,0,0,0.37,159.65
[00:07:50] ,player_stat,440.20,1,Team 2,Fennel,Baptiste,5,1,2,1711.94,223.30,1488.64,3119.06,935.72,311.91,1339.78,0.00,1,2,2,2,1,0,0,0,0,0,35,0.11,0,0,0,841,316,525,0,0,0.38,280.55
[00:07:50] ,player_stat,440.20,1,Team 1,Vesper,Junkrat,15,7,6,7276.21,949.07,6327.14,199.80,59.94,19.98,5694.42,0.00,3,4,3,3,2,1,1,2,0,0,58,0.11,0,0,0,1320,528,792,0,0,0.40,440.20
[00:07:50] ,player_stat,440.20,1,Team 2,Quill,Zenyatta,12,3,3,4420.66,576.61,3844.05,8054.20,2416.26,805.42,3459.64,0.00,2,4,3,3,2,0,0,2,0,0,58,0.11,0,0,0,1320,522,798,0,0,0.40,440.20
[00:07:51] ,match_end,440.20,1,0,1
